  -44.93177895239941222
  -44.33619393409755105
  -40.42348089166377889
  -37.57221866237089358
  -35.25535246452181326
  -32.28671508431086323
  -28.57093089577942635
  -48.63369171715625328
  -52.90712790544338162
  -57.31204529104235235
  -62.72454108494507352
  -70.44026461486215851
  -77.33604671794999774
  -39.73845900635985373
  -39.90989007403399569
  -40.29230956738837222
  -44.56251712849087454
  -43.54947442955409542
  -41.51329882169561358
  -40.74124631318668577
  -40.50603382001533959
  -33.90251003812522157
  -31.23139289341581204
  -31.47737766189178643
  -31.62834309825947443
  -17.65333476916257283
  -15.90915990791175538
  -14.06343217255952993
  -13.98282876712619149
  -16.27484807473033968
  -16.85166487669469149
  -19.01788988038373063
  -22.88391782375219208
  -27.01044570326220651
  -27.52172701722300019
  -28.14037226494004429
  -28.55479898423134699
  -30.18693243557925499
                      0
   1.154897463815766745
   1.089137254112438447
  -42.61238427005655893
  -35.25973746170087253
  -29.79395579410259387
  -23.37192977781598557
  -17.75954450136035945
  -12.67792431600785719
  -7.893036283386130059
  -6.166798673948959753
   -3.44976803549831601
  -1.580190287903554314
  -31.63986253711805219
  -29.32098388549604806
  -25.71190044071712322
  -7.023797448563760426
  -5.301691298416873366
  -3.582095251103383671
  -1.356575348725611585
   3.518235386419700461
   9.631216923586055856
  -16.17200554843285687
   -11.3327091980740331
  -5.948936936935299791
  -2.190150449005003885
   0.602699378491344695
   2.289664715439867493
   16.56262294625335585
   17.64953091710840383
   18.80597536619239918
   19.96249861609869569
   21.10174923330033891
   22.25784423360358488
   23.31168088836221486
   21.50025102866677784
   20.95638783433650332
   21.37642508305531308
   21.96487284404977203
   18.45969512297179094
   14.74065067602635537
   15.47405298785431604
   13.90224617938566887
   12.83346340614929026
    12.0651510207979431
   11.63841182513321826
   11.45766733079435262
   11.44440523515604546
   11.49048396450165477
   11.62524726886984894
   12.04172059787382842
   13.08843897638181275
   14.59565360166604187
   15.82029090016878392
   17.70873417027178931
   17.26566919735120464
   16.54490256896822942
   15.88701557409262932
   16.45948361125064352
   18.10994826531166524
   22.31569123289000345
   19.57054541419212157
   15.65756342832000492
    12.5973987310896316
   10.01433524673930719
   7.744034549526952915
   5.948449673959386175
   4.549583862584684724
   2.603343106075722613
 -0.2291835077490509687
  -2.923689188854948107
    -7.3605317503537524
  -13.22843099826971169
  -19.45179014025357134
  -27.56374022857896122
  -36.36378716362992236
  -38.41342411690946079
  -39.52552277473764519
  -41.06552783665573969
  -42.79636277130556721
  -44.48316778319423292
  -44.74109459087504348
  -34.79892432107818223
  -52.58791483518925247
                      0
  -21.60070701741312149
  -23.32603512034390647
   1.474692731635794063
   -24.2424473089038699
  -34.76329086669615265
  -30.87431165864725102
  -17.56717805635193486
  -38.63332787297196091
   4.473477012673585662
  -37.41989097744066584
  -22.93401699536078553
  -34.06499770877639577
  -8.119803199802184679
   11.41950524232895425
   17.50784508202487189
  -23.77316445213922691
  -28.55618711307580426
  -6.032282738565811542
  -32.86560994070497799
  -38.01694234247202786
  -35.28286753982123258
   -36.6141430338602234
  -48.38138464866033672
  -39.58574680148026204
  -1.029436422893413194
   -17.6316501843504696
  -25.33763788621733681
  -25.70709783111411895
  -20.29848706666694369
  -24.71881240882609632
  -19.67326912216477197
  -30.66736977383416729
  -2.626158608686802953
   2.701638424414429362
  -31.41592653589800221
  -28.67506767510778687
  -37.55384877068893701
   -35.9653205294442202
  -25.90973637502814242
  -10.35449164088173468
   12.33503728446849124
   18.68374284026805299
  -20.36403936613858079
 0.03211778919145597683
  -23.58022558624939435
  -32.22489484413720362
                      0
  -53.98961805154664262
   0.602037785654434221
  -27.34926573191875931
  -26.99058495317388306
  -19.41659723589379993
  -19.64503959488925133
  -32.21385078687398362
  -19.69647857027863225
  -30.91878444853614738
  -0.734372349491618337
  -31.15022526071091846
  -29.63402614626198428
   -39.4585259743246155
  -40.27765495549877528
  -37.31840303094018907
  -40.96825769912688742
  -38.58088845754732432
  -37.74925977641533592
  -29.17568474080599827
  -9.186491499193383703
   1.160543837482224783
   15.09121649572747437
  -4.403874549772994307
   19.52986233916334058
   -18.0098816054743196
  -1.254950878160953742
  -3.018909991143159388
  -24.67768337923182997
   -35.3126300889594873
   -38.0325718224506133
  -38.40381600592760947
  -34.34797641346627017
                      0
  -24.48549558573346729
  -24.09177822726385898
  -19.28134578634276508
  -21.78296062903695685
  -21.49992939269419168
  -20.60053882289590632
  -29.75413769783497742
  -40.20474819251170118
  -37.44488836856452707
  -33.85805753970193877
  -27.82416124277282421
  -8.754428864528815524
  -5.140186968345442864
  -14.65698955486316635
   13.99344747817505663
   16.76603325186524529
   17.11581974758529512
  -1.470293274852234378
   20.06695469130817955
   18.54881350263719142
   -18.5507148349798463
    -20.040524558940227
  -29.50742593844261563
  -1.260837429112856345
  -1.300068331875523953
  -1.704553161965607355
  -3.698388109300167592
  -25.55013832195733414
  -37.51519973058212543
  -33.87760397700868253
  -35.58370238846089251
  -35.58433890396741361
  -31.67065329112741168
  -28.93082561854485135
  -4.803797794091905438
  -3.016815627354453078
  -17.95228554127477949
  -14.02337886005639689
   15.57422569201154694
   15.49674798726836222
   12.31066138640442098
 0.01216630998487709843
   21.05526957220359918
  -18.95598655944572286
  -15.98777033108747858
  -31.43764647502570497
  -31.13589637374117558
  -28.50439261245039901
  -2.630971673299157931
  0.1261587556458837189
 -0.4145687078223538879
  -3.710994503519481569
  -35.45623196494889129
  -31.93563159331523948
  -35.98696148576199505
  -34.10684735727631534
  -34.42869867400718675
  -35.96404433286043911
  -38.10818025968273304
  -35.58675182913841439
  -35.63814275603005655
  -4.457675113562600266
  -17.37084128366171143
   14.32252727299143835
   13.02616374998135562
  -26.22287895845468597
  -1.640268060410567941
  -30.58744765023599399
  -33.94046937997831037
   -16.8683237744437875
   15.35135372740803028
   10.57230148245682066
  -26.11409383196790657
  -26.98862220012068747
  -29.13251949920618955
  -29.50134881134883713
  -26.79538369433880618
 0.03984331414550362077
  -24.69033684910627713
  -24.38818964393718502
  -31.35641801679748397
  -36.71739243664438135
   1.403820970544687796
   13.65196131745757313
   18.85436978192045743
  -3.271922217543467681
   1.431980273377911228
   -38.0139957117041547
  -13.68333490803649255
   -12.2399950055729807
   9.026976577386635725
    14.7597444207267543
  -26.52772517219435855
  -20.93264639137439076
  -39.11097589692616339
  -15.21779770272466337
  -43.09664991974127446
   20.60653165616443161
   18.59596759600395899
   17.59349774189204396
   16.89899717470101947
   16.38209296648473767
    19.3095398956733213
   11.15459473391016587
  -25.57658783151781634
                      0
  -22.57530547564839551
  -21.10624947870285695
  -19.69793982611957261
  -18.67428283765814001
  -17.21578810809738158
  -20.88642024414034992
  -29.27927853837188366
  -31.45707007404798006
   -3.16018490717070355
  -31.11506832709638459
  -25.99970428270748357
  -22.13090160019756425
  -21.01720106389958787
   -32.0470487496456542
  -30.83019238414906482
  -30.05283966616313762
  -32.26337966130233781
  -32.35547074232189857
  -31.03450838686051938
  -30.24797870181338055
  -14.19700403733591898
  -9.885646726676107221
  -5.870970528992796034
  -16.40062939815683407
  -13.82609258985993073
  -14.72753788459064417
  -13.86850210327085975
  -16.46047101700083104
   -7.14153938058268789
   2.197530330147967614
  -6.420821453414347069
   1.005303111194125965
  -6.794051227921643843
  -7.204446748262665068
   1.686705427263980761
  -11.72879734049214839
  -5.031371517644377178
   8.191637729170599513
   1.062612566976753214
  -14.24018013629866886
   5.956235311874618965
   5.231692694122561882
  -14.37020501410043316
    3.85900073649849995
   4.159279295354236794
   6.334488202962981873
   6.888699441190530237
   5.550970381247732455
   8.158362651686024591
   6.347479842091958702
   -13.2654530905240744
   4.701045332091460693
   7.682826209502481518
   6.449448776033737118
   1.370538737468439239
  -16.30601646304734587
  -17.64879393846898026
  -16.84553680799748676
  -16.06915773198079478
  -15.79245721833233773
  -11.29285889850951463
  -14.59147341872514581
  -16.89475033746682797
  -24.07307178771855405
  -24.12013822551173448
  -20.76988979940650992
  -27.47300483289764372
  -25.88481629182097876
  -21.94848013671374432
  -23.86364646258256883
   2.992045328372428425
  -12.37124776890925304
  -16.88925394003486602
  -20.87423223100724812
  -29.59418189081397443
  -24.27103691209194736
    4.61883827912676459
  -12.85829863256904204
  -15.90013951393430247
  -21.82537981995974619
  -21.64897668721250668
   -18.8287320711646089
  -29.16960123591995924
   -28.1396492705382073
  -11.76971778036531369
   2.324569161780831728
   1.142703279786342119
  0.7823415571177169126
   4.309419193551722316
   2.472259616286409667
   4.789692848697390204
   4.487141995725997923
    6.69306694751008191
   2.988832403856349185
     2.9035040021919718
    1.68828377762584303
 -0.2571737215274014221
 0.03276475549957552635
  -14.11748613102360572
   7.187586135128648301
   10.61536327266316704
   5.890016493290591626
  -12.48964495263951235
  -12.42164384810440581
 0.07451577067592565773
-0.05388025703179824544
  -14.50882124546241592
   8.950130168413213738
   8.224297238953331757
   10.35300218582433018
   11.70070523185744094
   10.30035056204730104
  -3.880869300617622475
 -0.2394774024836794912
  -24.98663507071948686
   -25.3385875887403067
   13.50054570369875506
   15.46643526376547761
   15.20566299178106817
   11.76726064071609379
   8.731975419805614536
   3.507931723743606955
  -4.238870673348951179
  -40.72280025240745971
  -40.60984979514640969
  -41.21014000693969592
   15.74032194691028863
  -30.67725964156327834
  -30.43971496927019871
  -36.63768043873063363
  -40.03261383483598479
  -29.18925412199870806
   -27.5490991017647211
  -26.94100609824458203
  -27.61773634018498313
  -26.84928050180634429
  -24.11397616810580047
  -25.18300472437903537
  -15.38502127768071581
   19.53012204344674529
   12.53589077326034662
   15.35512089992090345
  -21.86511360786595759
  -21.85906788106077769
  -21.15818427139089764
  -21.08640952745832209
  -23.29648063802421021
  -36.72181112739390585
  -22.33523258853239568
 -0.2250569638907589098
  -29.47790702406050301
  -20.18945191125732919
  -33.78848508471969581
  -32.53717151738886315
  -30.79975892619256683
  -32.41468729755003153
  -32.79806979379247167
   7.850272051669710649
   9.093069640131060893
   10.10119244804610261
   8.669481277973567046
   3.966611717099543188
   11.43153667741155566
   11.76951292694237949
   10.95097109928900636
   7.211460441660360488
   8.270074493440969121
   12.87632110013210074
   11.29549965854239169
   9.669544554291926275
  -14.77585483477681727
  -26.64947102169752213
  -26.35315084284613718
    -30.783475311267118
  -28.99009155786461989
   6.466936457884335354
   1.257169175741857714
 -0.1540328208616004446
 -0.4889577373996255027
   1.075543175583634659
   3.511364513692015077
   5.272608391491584889
   5.008915859675200366
   2.456939575366527073
   12.54218962433898099
   11.85695783524891134
  -14.44296721482540313
    11.1658044777406058
   8.670554190382475213
   7.286086103206216968
  -25.43476640126793598
  -27.05776686647319451
  -23.52397886027127427
  -24.19558030370082946
  -23.61370475687519388
  -23.58836019788062899
  -22.96003754664362262
  -22.92214331594272636
  -22.98422584789965839
    14.0762972097233412
    8.69225437773975429
   11.41056500312171984
   11.88042166338499861
   14.88834261891565802
   16.03255063666897939
   13.11444954979216071
   9.267196235851313801
   9.353447989654357642
   11.82504504087443031
   11.90183923155649914
   11.22237890318459641
   7.315605674160071459
 -0.1186469323156858352
   5.225223294995575252
   6.165492369908638359
   14.70724198217872569
   8.858903767488188308
   12.00634452158770671
   14.05511612508057162
   14.30626014506847454
   14.35123696335825727
   3.260665731575545401
  -1.924739044237260721
  -42.37935031184848356
   15.98121825082452752
  -28.56368527316026729
  -24.03307273380128706
  -24.63989261112487839
  -25.66837049353629396
  -15.49705449790952905
  -20.86931939720778573
  -9.268786231652867968
  -17.70432866453648302
  -12.29698083831602951
   16.13427486127733346
    -27.146014338012872
  -20.28989376639112052
  -20.51278927705026334
  -24.93785117443964339
                      0
  -37.33075593668508674
  -34.18540387482671861
  -34.41021906262175634
  -35.10575444966652015
  -19.91139101515848964
  -23.52098779661836403
   -25.9489379089978307
  -28.09770634407104595
  -27.81396175314630526
  -30.04920290419578066
   9.446460839066272541
  -24.80928053594347915
   -24.2085156217662778
  -25.11865863328782211
  -23.56934549835066406
  -24.65299551554862845
  -23.47884606590008261
  -25.19787202693088446
  -23.91550091232997488
  -23.31880526809039011
   -24.3192777072681281
  -23.27866531697729613
  -24.97361151763129783
   -23.1038192178949906
  -24.12281264710628648
  -24.07422573941811095
  -25.07821816833555673
    -24.808228114729026
  -24.91052089595084951
  -27.76077161398423243
  -28.94929958097486278
  -26.97965146600745001
  -27.29814149829586256
  -26.34346342431763333
  -30.05626003840424332
  -28.66567046660907891
   9.173827005125740897
   8.466932852197359693
   5.925154614713957102
  -1.861144893526811339
   8.107305871243802642
   13.13131591372839857
   10.49364202904322951
   5.373473562374589285
   8.502958575082363524
   9.119444920217878447
  -24.03279301071015439
  -24.82195760654960281
  -25.63406519510492387
  -26.76453375463727369
  -27.24985527689900877
  -26.39816207344426502
  -26.69254280177235827
   -23.2930336568305556
  -23.93818139360078234
  -23.80785900450766235
  -23.02148273456409555
   10.78512544817043661
   10.52175952352037669
   9.702458322469333041
   9.943685491150105804
   11.30971361530012054
   9.550750142047247593
   6.382747256545225234
   4.640012058494629166
   5.447368965129948393
   4.468058077968374064
   7.182536395970018361
   1.102012872793069809
  -0.487655626960076527
  0.9708733953448139831
  -3.982150135198021967
                      0
   -25.0500318380042124
  -24.81436597737852168
  -25.97453799524415174
  -21.54193836825326969
  -25.56068594336882782
   -26.3589389848255955
  -19.64861847377382986
  -6.476019586534685679
  -7.840822164688177942
  -6.957979496248880125
  -10.63744791433021852
  -6.402324382772134115
   -8.61542577705739987
  -11.79248661940101073
  -9.533768936787918591
  -10.67073924153769582
  -6.193227619417166707
  -6.693278282128447998
   -4.04992843933220481
  -7.132681985443409367
  -4.975259716772471918
  -6.407517267805368455
   -10.7743183578737014
  -3.331322314458744493
    -7.8487849484648331
  -4.337282253036941704
 -0.6786282908400690372
  -29.19703940245468843
    -25.930975960470807
  -28.09888911038157033
  -25.18087970689504473
  -28.98927066580900913
  -29.03259705862359041
  -29.28898811074734709
  -29.85206596971720572
  -29.53510437433786251
  -28.72963082679915914
  -22.51741210725947084
  -17.80555877046848323
  -26.82812756856663938
  -29.93642568517772418
  -29.73691382735803401
  -28.00509847944356068
  -26.73301992234877034
  -26.24558558417209042
  -25.95965730252475367
   -26.1975900173308176
    -28.728076706099273
   -28.5097225180130458
  -27.25390165137066134
  -28.86359037521743431
  -30.58060741662997373
  -23.31836302357575619
  -22.99628845877492722
  -23.78450971672919323
  -23.85272685160187578
  -23.94811142863061093
  -24.16966509352588943
   -25.2155640506556864
  -24.46257033601221309
  -23.35603832819634817
   -23.6027825957766666
  -23.56864470832601199
  -23.60622981963124545
  -23.43797671033219032
   -23.4570483714083835
  -23.60922807658198508
  -23.92513175404756964
  -23.92941220053524276
  -24.15361274797415447
  -24.29353446980164577
  -26.31188444337179533
  -25.49576588771841656
  -25.01665487228117968
  -26.94032221023681117
  -24.47633514606695115
  -25.44823595169722807
  -27.64223013746554614
  -26.04337398307776041
  -28.93006001214120104
   9.372351391774248697
   9.447711133088004587
 -0.4626059095202276761
 -0.6525062729179758048
  0.5679931996912391812
  -12.45424056540500501
  -12.51072747307033772
  -12.86371075661298313
  -13.88719012304018818
  -13.91070854353982433
  -14.17512104234185877
  -12.93121368934106385
  -12.15673137363607559
   9.224059273988103769
   4.411265755808068789
    13.7054134286302407
   14.78985972789179648
   6.832648177168282544
   3.777513175056590455
   5.670692604350288768
   7.045043180575158992
  -23.36609808433177804
   -22.9766848611444523
  -23.96436238916737693
  -23.18416605442191525
  -23.35692883277543785
   9.679771020113356883
   8.703657358818981393
   -12.7402470005245636
  -7.538206771667026906
   7.378840652406124079
   7.343691168951817616
    3.21605972957278663
 0.07064608347231364494
 -0.1005193212033766575
  -18.11496388560931337
   2.608687771682357326
  -12.68378027914459238
  -13.27868528148943383
  -3.032514806670473462
    13.4780223077941379
   13.25076037184531685
   11.02552506301392654
   3.537225890954360796
  -2.705062457568369272
                      0
                      0
  -12.16064474715144428
  -14.94321697548454608
  -17.19566022473688349
  -27.24215656601341706
   -20.0805517560759661
   -27.1196263697258324
    -26.833476417242629
   -30.5834326820742497
  -23.60282092901906736
  -23.48935751862617494
  -21.17370841272285276
  -22.83995730510509148
  -19.66071018270354287
  -17.81671567282477042
  -22.73830842044182532
  -16.56876026837177207
  -22.67963614121846661
  -20.78465187182667506
  -22.92677977183580751
  -22.68401577669173363
  -21.79619992888562408
  -22.63988958635743742
  -23.08001654256167257
  -20.23859690483685725
  -23.32068809848574986
  -23.77629755311377124
  -23.97326342791306431
  -22.25612014644239878
  -23.26921869199943416
  -23.51893625298959023
  -23.41712130634945765
  -23.17617363212212211
  -24.40417554230508657
  -25.38262777751874921
  -26.46925666521115872
  -23.20725683529359173
  -26.68145317508663439
  -27.00536419942244493
  -28.58802811631734286
  -12.50082515134647743
  -13.67418390839089426
  -13.68748958538669847
  -13.44316866111720188
  -16.77399748742841012
  -19.24269404461159638
  -16.74862509955585566
  -21.67270841346738308
  -23.08232131055587288
  -26.63232051377063314
  -25.64051710477620816
  -24.81775458519791755
  -29.44510865568146585
  -12.34706418987174814
  -17.58640120220017522
  -19.48270442867775998
   -16.5675080897740763
  -20.96048199868947748
  -10.28407292194768097
  -17.11126256278107505
  -13.47709303164527839
   -19.4740629960518703
  -15.77178328122955087
  -17.95836996285427745
  -15.29293439348901096
  -17.45508764739397733
  -17.03132640036114864
  -15.05008398737409614
  -12.74307444134323397
  -13.14290690080373203
  -12.53591240343384783
  -20.42802695453436002
  -16.53238835027521958
  -15.12589760905314762
  -16.00483831408552859
  -17.29523921359417926
  -13.30314730700311898
   -12.1247355857984136
  -13.72087096561543973
    -17.209113571966693
  -16.51662727255976648
  -12.16283504876585475
   -14.4943823134392602
  -15.99621166764355529
  -13.76050110843023333
  -13.41783142947461194
  -14.86837565633111957
  -13.58813992706362406
  -16.52963106702727814
  -17.43762213740041034
  -16.06857192327484896
  -13.15927612951655945
  -15.05447356915254531
  -11.85842778437138456
  -9.968770063395474779
  -9.365415470274136567
  -11.23254556302862284
  -6.242388334298100361
  -11.54107360259837201
  -15.14404465969282398
   -8.66075750907097941
   -6.71116903031082046
  -8.701921768730141338
   -10.7031140951426309
  -6.767808045740486556
  -13.41401699320733165
    6.91378695004207966
  -10.02036603798102554
  -16.86871612479857774
  -16.14132845091827306
  -15.57901349597374541
  -18.01164927001822491
  -4.421340573698012477
   -5.16407417632497534
  -1.760239085908305912
   1.934777901710611481
  -1.170585065925656476
  -2.103683607164148039
   9.846893083456778939
  -3.380085992540560635
   9.033429515893386608
  -33.08270221568788116
                      0
  -25.34537743651346275
                      0
  -24.87115061402555938
  -28.28864851826136828
  -26.59638816822010554
  -30.82366112286903004
  -27.82567063035430976
   -28.4768154885682776
   -26.6137785041916608
-0.00775028968117247221
  -1.640353560129383492
  -2.954803227918676445
  -1.461613095857682287
  0.6932297508630582694
  0.3460296083087679997
   1.518434424123418891
   1.036491853777700145
  -1.488715869945029135
    6.28924212259956672
   7.594210994105119461
    1.28349129691951136
  0.3046145398788832059
  -2.188278607071738158
  -17.53719125277900659
  -29.08240385206394052
  -66.14812662488128581
  -64.16913003456281217
  -62.60695019486409052
  -62.99531163773861664
  -64.80501818620447807
    -65.791865022745597
  -28.78708172973194479
  -78.63251848314138215
  -79.99181446328825018
  -77.42566407986298316
  -75.53870561780168202
  -75.28390370539203502
  -74.55525648908860603
   21.98093130543345808
   21.92332569054801183
   24.44113710244528903
   27.47856106472038817
   29.50163816201899891
   28.82677700417934119
   26.92918652985671812
   24.45969963630605903
   22.11033861476576234
  -39.33034298461222988
   -39.2721156554995261
  -39.62130366088965161
  -39.89610459616264393
  -39.90995281953624385
  -40.49889190359424873
  -27.84223300361922426
   -45.5506761212330602
  -46.27513978214565782
   -71.1324882366961333
  -34.93523878679688011
  -32.81079727713178329
   16.22545409789955784
   24.06536062586505764
  -37.75604351887060517
  -40.94122556579974059
  -38.22241100793169011
   21.76414425413318199
    9.56911746190442436
  -36.47933797074633588
   -43.0797193053290286
   19.91475656235451197
   -39.4677467864417153
  -32.68655652803363409
   7.461180176526382546
   21.58858331580753287
  -40.41545135679240985
  -41.98728563050664064
  -38.16247053603738948
  -34.28102478921325513
   18.88987822392562776
   23.72174233471400484
                      0
   14.53719209654495081
   28.04919859203548071
   12.16538552525981132
   25.99420390260278424
   14.43433167286376673
   27.15653166474471547
   16.54514981458407163
   27.19213239327783427
  -69.47645407143885166
  -62.69493222824478806
  -32.86989115273162554
  -36.61144392632110112
  -37.43846906680918352
  -32.77114869198119607
   11.60355879884459895
  -45.97272487004735098
  -57.12033065985689717
  -52.77557718856532176
  -74.14596659521934896
  -35.27667963969777531
  -32.90679195979961946
   11.41698606199154753
   10.38296279406838352
   1.094652678667758172
   4.366958845503516429
   9.827625388737381229
   7.736732124832640167
                      0
                      0
                      0
                      0
                      0
   10.20260586057950647
   15.55037942781583205
   -74.5990815784087431
  -73.52587438131243402
  -60.05171379675476828
   -27.0890416942349006
  -32.27052256611710135
   10.47450151561124621
  -7.336935093019043563
  -1.961358980946944053
  -67.12618967126405778
  -49.86481215953384094
  -59.24508231335862973
                      0
   5.516691923748922477
 -0.2347200371915295625
   3.273385024690766976
   1.639006849448750414
                      0
  -74.42706211050303011
  -74.84675692471222419
  -59.73727201144205878
   11.09448445057022781
   24.09435144040007515
   9.660303975285307487
  -7.577964323001172176
  -6.404067289250060746
 -0.6343534186665648056
  -71.38080305946661497
  -45.48004234755638464
  -58.83509329549124089
                      0
    2.49303045206925189
    5.90728059972120878
  0.7226045374563989654
    4.41184047142377711
 -0.2368602401456480211
    1.40547915439118154
  0.8508530642836662494
  0.3641065929285749458
   1.575074520496560826
   2.974142310744217976
 -0.5111681295651323564
                      0
  -55.31088751773077661
   -5.83947172593687025
  -3.637042241570083601
  -3.246625632785770765
  -73.06200260387159062
  -67.32015885681755663
  -71.58800298427435393
   -70.0398148850217126
  -42.98851513096264654
  -54.54977727645715646
   7.280074684464500123
  0.2398632820828576206
    1.09192016981158968
                      0
   4.020339887155920167
  -17.49003761493849751
  -58.05819279137835309
  -12.13260216659334034
  -5.229554217908786384
  -61.38236246988614653
  -72.66300247648331379
   3.213480410552398414
  0.4514168780188180796
   1.626552435242459849
                      0
     1.4265895619134914
                      0
                      0
                      0
                      0
                      0
   6.777224448784716415
   12.56158105156342764
  -51.43269855075787689
  -1.270144732657381592
  -62.84021536777206762
    -63.229072802100454
   6.437637705677517808
                      0
  -52.04341767484506676
  -48.22775839561507638
  -64.92028869128679958
  -68.73714250692133021
  -60.07902978988656884
                      0
   8.501756889629151104
   7.335591298108764313
   8.994401003643007542
   2.792591548574478999
                      0
   5.548703429098448936
   4.544990539485160852
  -20.73670185801780264
  -33.42179900444131846
  -32.64756420318818186
  -29.78577411438441658
  -38.58094649799516418
  -38.29078469698231402
  -35.98187183535195288
   23.34995001216347177
  -38.63901310731824168
   29.49426287430716087
   28.88176307994968184
   28.85518859378977297
   28.90213319688713156
   29.58186299652881956
   28.12589465528230193
   29.48599496259268804
   26.85224538042261599
   28.55279604477684785
   27.64414154723310091
   27.94016556730170464
   25.08991264871560034
   24.33283079070934107
   10.09993394731866445
   22.21773247196100343
    23.5002922303495474
   22.83178756027110978
   26.04027017252359144
   -70.8182638984399091
  -67.93252369487724707
   -38.4325553612084363
  -35.98307148564688873
   3.496175800365753705
   12.14708414294252137
  -68.74554572827038612
  -67.06172678470680637
  -29.15278922203089351
  -66.65767609329486731
                      0
  -62.87420951940141123
  -66.73655967099927011
  -25.85941388858385892
  -71.40406541021928888
                      0
  -35.16690803951238564
   6.677858196859796536
   10.48114818587678165
                      0
  -74.02205943997309134
  -72.60268137306714209
                      0
    -44.336279861105794
  -42.32564185995340722
  -48.69087509049444407
  -53.10254683834575218
  -53.59354151299889679
   -52.3513024939994196
   9.614549099516864317
   8.570460507913466586
                      0
   12.80836708797307644
   12.16145024443662592
   13.68922529998790161
-0.03529189547933955784
  -41.53613044958876088
  -2.282418256004764334
  -5.627896539870339332
 -0.8360124432449531628
  -3.553352784971537837
 -0.1723158499747032002
  -1.974397589922496365
  -57.49533759709067482
                      0
   6.318904222644396107
   23.30144237126932083
   21.88150963107545266
   22.91656097241246215
   25.15174605015195297
  -37.44272771163438307
   29.23456390695076124
   15.80043834306226636
   26.00044079145695264
   21.84278956171841912
   22.56779307780996646
   19.82495025964067281
  -67.45498214806903547
  -66.88274133412129174
  -31.69733834773714776
                      0
  -35.43744330985030899
  -35.50464356738123683
  -36.16680420353301173
   9.770789016555509576
    9.96077218575204526
   12.61427094761883616
                      0
                      0
  -70.29694764768808568
  -69.95587713616855297
  -68.82246339935593937
  -31.16092006264802095
  -71.19220223040508699
   10.26643969806894319
   13.16488069557897944
   13.13111168614807411
   9.827099403502653985
   -39.2530178958449838
  -41.59726792635984083
   6.973478010228340018
   13.60620781390890954
                      0
    9.29329887493154061
                      0
   9.008287112246279094
                      0
   5.112592870050860938
   2.426387418950092467
   10.82371739178488923
   11.84557023277260157
    1.34208343078401704
   1.654129334061809731
   12.94827570711025544
    15.6267145246714545
                      0
   11.51598223852320757
   13.66747927965680098
   11.59725169415198387
   11.14359404946683441
   11.57938510113834951
    10.4843884023638072
   11.46017404593723299
   13.91195863886475514
   15.17046304660555123
   13.69840839860025383
   15.21539256785961669
   15.19971459479704201
   14.07023658168628444
   16.01152799239613245
   16.20300062868625801
  -46.37912161539345135
  0.8876000768502200211
-0.01873158192469315947
  -59.52072934666574611
  -63.96998742088207734
  -58.94785596703976438
  -75.55305164433758591
                      0
   21.59900965969818998
   16.27505241346445075
  -64.66484771404866194
  -67.18558062136497711
   -67.0474810299948274
                      0
  -34.51273322834563118
   2.196626537413970848
   2.520340443079018389
  -66.75352793160168119
                      0
  -71.88694728669041467
  -78.28988769257490787
  -63.82301549274434649
                      0
  -74.38106442157825882
  -72.72997727528000667
  -71.04538082344133443
  -73.63638714324628154
   27.58749587531581682
   27.45980317030674911
   8.873636162650614168
   7.595247764920855182
   8.879951767731077084
  -41.16908395913497998
  -39.10832415672845741
  -1.793667008338118096
  -39.11468131926024938
   -37.5520949344033852
   14.38587502685534147
   12.79756685822941975
   -43.6278009917043903
  -43.08991655156856382
  -43.52191911766427523
  -4.892641154456843111
  -41.56517492322235796
  -44.49042591512614564
  -48.83439489074258688
  -49.49663736925657531
  -45.20715019223440123
  -49.49560551212791637
  -49.80903588269602977
   1.339995633661192231
  -78.16129221737845967
  -78.80853078554871161
  -75.51688146335095553
  -71.89479161770405824
  -78.06590983463317457
  -80.05002194192805121
  -77.14072964380802944
  -54.27212688068144075
  -55.13592438726831091
  -55.64720377117872374
   -56.1070541070273805
  -78.19178465542627521
   -56.1204183096170155
  -56.72923895861909926
                      0
  -59.12119296983667738
  -56.84076366233631461
  -55.52098765075869835
  -57.13093331220747473
  -59.44850900272901129
  -55.95912983207107771
  -54.61318036684993871
  -57.23623986919181306
  -54.45791408579195547
  -54.89075299125342866
  -54.52789647291320563
  -54.94677136942029705
  -53.99941336133039727
   -54.0315503583912502
  -55.11916652907824243
  -52.42767191150416295
  -53.72387080448486074
  -53.90087856978261982
  -53.83209357510848037
  -65.11269729030505005
  -69.45260861958405485
  -70.09724086505936214
  -69.66470137512634153
                      0
                      0
  -69.74023089857207935
  -70.44979577816245353
                      0
  -68.95397690770644772
  -71.77422809917959512
 -0.9782614083759795243
      1.485378529195857
   2.242899778620931706
  0.5287503973801013224
  -36.68134239310028022
  -51.88578500352794265
  -46.05301111635351674
  -47.64024505347821759
   -48.7034340970681896
  -50.47884762132800063
  -48.57296723536661176
   -73.0216927411415071
  -56.13407599906643952
   2.134356958028867268
  -24.45668423257832202
  -36.74184255058163728
                      0
  -70.30073338331294508
  -68.52356846399396773
   15.42066349117532731
