 0.003062458512173741893
1.678392158635792262e-13
 0.001331917239449367622
 0.004529922029225029109
  0.00631626029843888534
 0.006221050310249148091
 0.006037658260535610881
 0.002560185894072521725
 0.002710170877873962353
 0.002102579013040193744
                       0
                       0
                       0
0.0003099537521902656048
0.0006698072795439667703
 0.001324661710760760124
 0.001504267212085021307
 0.001565373674546838203
0.0009502140726148391699
 0.000482648323850772931
 0.001092759549547661722
0.0003337450911009618272
0.0002923087271689397753
 0.001247052002414823346
 0.003016208247692510856
  0.00537094562844122464
 0.005749908822188586933
 0.005994234860027334265
 0.005656628627173219959
 0.004823005209322609593
 0.000351125402288078104
1.449251723254202696e-05
0.0001497865608580908241
1.101342886162016942e-05
3.466872614626929504e-05
0.0004789058135057279062
 0.000974629997849041428
                       0
                       0
                       0
                       0
                       0
                       0
                       0
 0.001697215448795126678
 0.001479978628574845018
 0.001658400429914738553
 0.001424078511842530878
2.247572788649263537e-12
0.0001687080110933494631
 0.005067722299887949741
 0.006419926154528522201
 0.006028704420977179512
 0.005525055406818571088
 0.005548349154625629304
 0.005461528841900998785
 0.004125610306701607728
 0.001670544759265050073
 0.001010038054392133804
                       0
                       0
                       0
                       0
                       0
 0.005890870393587646289
 0.007954684091810038798
 0.009305947885919046633
 0.008072377265040493396
 0.007825870737288537909
 0.008454314220806656913
 0.009802376698511307621
   0.0103729834097899213
  0.01075260744138767204
  0.01147742381143708121
 0.005079477986602172999
 0.002560019535919110922
7.570653536908305076e-14
1.644195406350772892e-14
8.536695969973808231e-16
 0.001205989959558588379
 0.002813501823713625023
 0.004293658395713271722
 0.004874949891675528502
 0.005046163245279992708
 0.005110192731004208934
 0.005122013823797464185
 0.004985279483198112177
  0.00451352598228069949
 0.003691878652561806241
 0.002689637988209093479
 0.002237707464453708803
                       0
3.542234027185144272e-14
 1.36869095037344609e-22
0.0002017428136159684694
 0.003060734541704393432
 0.004498866978280621244
 0.005581047231417305896
 0.005205318464002409856
 0.004909823621725687218
                       0
 0.004992035502314248925
 0.006166039481523012331
 0.006943273045858320419
 0.007361888474188756429
 0.008217593168521046543
 0.006136766098322565463
 0.005154461295742496403
                       0
                       0
                       0
                       0
                       0
 0.001694047443822665859
 0.002675714759246424889
 0.004532565853671278316
 0.004596497680208535934
 0.004626075855066195258
 0.004548703803264484737
 0.003507239082724927706
 0.001211567149033473045
4.965938718935415763e-17
                       0
 0.002075737511526200979
                       0
0.0001053131185995432987
 0.001481737345176088782
 0.001077180251848161531
                       0
                       0
 0.001439134944243942484
                       0
0.0007734919207007975687
 0.005805637747736941585
 0.007334038488918962796
8.440118653784536837e-06
 0.002768579469171739832
 0.004058157805021009659
 0.002142626190096952408
 0.007286143905370002193
 0.005623374783557637605
0.0004438396670203982423
 0.000970773344248369364
 0.004763551710746495929
4.196031024401436894e-05
2.243913726270059502e-12
1.788793193589891434e-05
                       0
 0.001315604874255936908
 0.002220723933854255611
 0.002116048681137702812
 0.001161984421910776518
0.0003964242001962218348
 0.001363860723874575675
 0.005708140860313054739
                       0
8.659787239346857834e-15
 0.001998207550421410815
 0.007870254370609456457
 0.006279982006464419203
 0.005975209451832601271
 0.007038243964155638591
8.822202039193352682e-05
 0.007096876998214578063
 0.008862244086444755892
 0.005320364901176022863
 0.006844726070699043603
 0.006106929839296963182
 0.005906508271971611448
                       0
                       0
                       0
 0.001859369815296966913
                       0
                       0
 0.004100659931778416131
0.0009384086321517819346
 0.005314812579049192631
 0.001033276423767062963
 0.004274040959459232333
 0.005447288070195831569
 0.004009314419510903379
 0.005682788035655272386
 0.005350650288629563156
 0.006291653258598419937
 0.005624189757524582049
 0.005801573276662662371
 0.005384104309204445701
 0.007358742983340553663
 0.001566624224730273638
 0.009352489950723828077
 0.007310907994421251242
 0.003975938354152845113
 0.007929284384641126227
 0.005857801150482097423
 0.006394131885664273637
  0.00582209788006184982
 0.006612921103660786455
                       0
                       0
                       0
 0.001792915617635558326
                       0
                       0
                       0
 0.000995911972731927924
 0.002127808292097073655
                       0
                       0
  0.00256149343474090796
 0.004919179993909033287
  0.00602950433422840687
 0.006876401542446285674
  0.00699178276813044574
 0.002535463277402765642
 0.003189991870416774775
 0.001652141554530995975
 0.008526295227845990046
 0.008521937590370997143
 0.008357315728056704043
 0.006671350852457120888
 0.009972458417081955795
 0.007182766736107462462
 0.005817520346893955904
 0.005365352333566449951
 0.006919402013049452856
 0.006089330781632923753
 0.006126760490537353984
 0.006005980702646049156
 0.006020600159298596966
 0.006499839678826027818
 0.005618378762471426535
 0.007975593633638478064
 0.006265555686434629533
 0.006365831967970014653
 0.006717647504509145599
 0.006569072567823898597
 0.004290781055684253671
 0.006288272447656216915
 0.003055616366484888591
 0.002245380279955639345
 0.009060942008346950516
 0.005656475156751923292
  0.00762948454159759204
 0.007079516118718118776
  0.01109325897352808447
 0.005797280631143774537
 0.005942497157287980093
 0.006705605438287918878
 0.006850977658057293834
   0.0066139501037329523
 0.005860585887095102857
 0.006433782860165684209
 0.005713470096974745949
  0.00563063379106713835
 0.006777769226430409473
 0.007464846273762113481
 0.006578668684816054747
 0.007138582751319670627
 0.007527571698813716357
 0.006768572088358569203
 0.005765985214470311683
 0.006650493929722059265
 0.006941996814990296361
 0.004476940293994262528
 0.004153152611687132602
0.0007260044874188803597
 0.005833887359182969232
 0.006870498891689273691
 0.005446127562759360205
 0.007206159249671118157
 0.004133468715603862143
  0.00325708892033611851
 0.003131650512817585417
 0.005573042169236851369
 0.006764017164900684893
 0.007116645679901213023
 0.007030856856417617637
 0.007146046117610930191
 0.006961088899930164935
 0.006876679197822155483
 0.006975744121171226567
 0.006798706164478417711
 0.006965683767794628514
  0.00380217705900721091
 0.007185447237017781458
 0.005081158832384065002
 0.005662935684532637189
 0.003443104348526539009
                       0
 0.001761463806994318813
1.441442059826480807e-16
3.760695970484341912e-05
 0.005311029418221851345
                       0
                       0
0.0003673590756493796548
                       0
0.0004916375140554406394
 0.004888969779485954036
 0.007286539244218796091
 0.003292034249767623356
 0.001089473989742749871
                       0
                       0
 4.66451366204233504e-14
                       0
 0.001427865366356841298
                       0
 0.002131047925179808695
 0.004287141578892021514
 0.004871581689001714885
   0.0033004799272381884
  0.00564236656531085911
 0.003385578242491541802
 0.007132973436739372883
 0.007229004390814488222
 0.006481752759193615439
 0.003002491592131261051
 0.003041930295920632597
 0.003104327721596604559
 0.003464375323055639971
 0.004636088878416639789
 0.009169533683448090333
 0.004816273018597487521
 0.008316913960866312294
 0.008477501104486308628
 0.009109906336984215786
 0.003398264054469106541
 0.001197527082269117396
0.0009797069237970110027
0.0004761231648659014297
0.0005630310214476434358
0.0008417828603235396343
3.509336329894461983e-14
8.255900319344091564e-23
                       0
 0.001386786883269171657
0.0002221945958419548441
 1.07304549851198293e-14
1.833444487295335215e-14
                       0
                       0
 0.004510900875025894603
                       0
                       0
 0.004250343542228415122
 0.003560825126508030715
 0.005755642617673929415
  0.00302109172034049217
 0.004114281101006094128
 0.001583185658378275917
 0.004131381236396888985
 0.002858720934992773667
 0.004197505809144677288
 0.001090371526596208831
  0.00430081611325245413
 0.003406428061533692177
 0.005201476291204302875
                       0
                       0
                       0
  0.00479774883859443186
 0.002345022157145144545
 0.005394961489045871708
 0.004865637577351889301
 0.004199090508605459772
0.0002034186171428566169
0.0007277483925690621767
                       0
 0.001981080254913101992
 0.005286611157213869615
 0.006812857978400961231
  0.00553239798993108902
 0.005192547017127843896
 0.004573301259481855376
 0.003824300526295237521
 0.004631455500822083057
 0.005042355478777110073
 0.001198875013427002636
8.525635185826162513e-19
 0.005731505904317602158
  0.00395255212154914555
 0.006332809126174782435
 0.004247700588298217519
 0.004644899974132996566
9.972501647660646782e-05
   0.0056217106159701059
 0.005588443024064502357
 0.005532708933332224771
 0.005567542199750981358
 0.003307125269518737358
 0.005018252302564641699
 0.001106858573203190702
 0.005143909166371982492
 0.004691485676981952714
 0.003556102684876731937
 0.005313417447582442429
 0.004791697682518351875
 0.005236678043731777567
 0.005370445590855203039
 0.005625426734930400602
 0.004516961965457566217
 0.005182243108939394403
 0.005046132165282791841
 0.002175553030108178312
 0.004753939244311611301
 0.001587524147441198453
 0.005424319851054377507
 0.005288762272219230468
 0.005537440324797322094
 0.001594497729970405578
 0.002489415229735382658
 0.004170278462479445718
 0.002479271067350583783
 0.005617619671635624631
 0.005438814591587470999
 0.005616914306187721639
 0.005097250069368041911
 0.003811428359306096112
 0.006266713327974426408
  0.00576408346146258313
 0.006964601741528542514
 0.007213528118218201154
 0.006975267626642713686
 0.002408195917459423664
   0.0048113271311186704
 0.005723015063548825623
 0.005831709706799758502
4.732992151981630296e-14
 0.001651066460047033533
 0.005097594160248059177
 0.001563095107537862752
                       0
 0.001179075404452862175
2.500648895347141317e-16
                       0
 0.004754675079228327765
3.612718263677970441e-05
                       0
                       0
 0.001476746625409569753
  0.00452648915504524213
 0.004095910388656438979
                       0
 0.002152309949589096411
                       0
 0.001571813740628585183
                       0
0.0002612957142696828807
                       0
                       0
 0.002430040589504423639
 0.001191216078068899368
 0.003498541763853688178
                       0
                       0
                       0
 0.002628056341123518897
 0.002999864123358911283
 0.004565601501442147214
 0.007955960837834190683
 0.008118774404339616085
 0.007995356284805962138
  0.00791703495741144514
 0.007549618118631847528
 0.003591805412788196851
 0.004717543228000999414
 0.002933395726855067987
 0.005138790822183040251
 0.004856731721873915227
 0.004964721746730071938
0.0008334972084147885662
 0.004876337364948049764
 0.003053534536631565682
 0.002671946619398695658
0.0007814797456753109573
  0.00484139539149824015
                       0
3.903763114211069265e-15
 0.007577220568538131466
 0.007714404387044451403
  0.00642189685670349359
 0.007318781107544397764
 0.005054593315731007765
 0.004775571835636482909
 0.004736969839894919834
 0.003967570436327863721
 0.004964807227614912929
 0.005105061194422704646
 0.004940156648479003369
 0.005028202611743279142
  0.00495846195841329572
 0.001229912247839073372
 0.003898805578177786443
 0.005071577932779945154
 0.004777280402954781589
 0.005119873048002339562
 0.005433848041524810303
 0.007122210936825796972
 0.007232284161979380711
 0.006319051203393385475
 0.006913057910349164337
 0.006355828158270016015
 0.005493967256015968616
 0.005246159629353393423
 0.003542211863672629045
 0.004415994019048104582
1.186632282851941714e-14
 0.001252956370232437104
0.0004054028794326849515
 0.003150521655568070192
 0.003612673062559156045
 0.004971067516098813012
 0.006333928191973890731
 0.006357009537246828892
 0.002772784652679889661
6.288690410410997282e-15
                       0
                       0
                       0
0.0004361631056098116315
1.832157626964648146e-13
0.0007567453845393452101
                       0
  0.00447618552453303304
6.165348244594946952e-16
1.950212147836230069e-15
2.056905569472351824e-14
                       0
 0.005910599262032164083
 0.006613749229124602468
 0.001746145524568764457
                       0
                       0
                       0
 0.003976997949618044266
 0.004400512894623519883
  0.00242420208539616917
 0.002796161000789675315
   0.0024027627086981862
 0.001728474625952378498
 0.002996834026656370557
                       0
 0.002061363425323215967
                       0
 0.001837292590606555117
                       0
                       0
 0.001086931268428643644
 0.001169475510474087161
                       0
 0.001477761836934582363
                       0
  0.00400708602777553706
 0.005047950815872340874
 0.007991551275243074376
 0.008758276428454522464
 0.008578604849945452651
 0.004384407269950570465
 0.007630221831690840728
 0.005451867716198630781
 0.007370583007728547832
 0.005730339752755345128
 0.007041953564433588511
 0.007223251948642882975
 0.007414746209569468387
 0.006581385111898201135
 0.006761419167548348742
 0.006852954648053726644
 0.005304002678714020251
 0.007846962758884429984
 0.005297226377764002736
 0.006941821761524511782
 0.007602430159979300071
 0.007316258066500639159
 0.008261287121661398808
 0.008221215333407217232
 0.007522882706379648184
 0.006943293984961229452
 0.004956515803464216913
 0.007412821442464646512
 0.007449064919327296613
  0.00714347145791954536
 0.007402747205554911954
 0.005049476955937201583
 0.005049535657484990024
 0.004849198983552238662
0.0006354448187711039591
 0.004938237520009641085
                       0
 0.004955198800720239313
 0.005215065912479005181
 0.005496847861915615287
 0.005245379433987089855
  0.00433831197734293756
  0.00621369991559744296
 0.005894773626980497755
 0.007412232000907378708
  0.00726225958079512908
 0.005971536408653972151
 0.004319673613406973221
 0.003541941227851131465
  0.00520549705904919599
 0.002553270472508832687
                       0
 0.002024174352831357993
1.573379801804049215e-14
 0.004275372502974272848
 0.003340107853600512901
 0.004877270070800967042
 0.005354601074352027638
 0.004791869108464932164
 0.005191236453352917821
 0.006934226440588936793
 0.007533650110247585609
 0.006738738720215590484
 0.007360937280597166718
 0.006539906295199239029
 0.007751642850576593961
  0.00547066388208570023
                       0
 0.002377338911059591157
 0.004323736445636923095
 0.002068219244429491017
 0.001920954766621203475
 0.003102857633192384907
  0.00386754606391696322
 0.003400889443805424957
 0.004528655784695662101
 0.003756742296982108157
 0.001108656164026456661
  0.00198535023469710234
 0.004189136501966820095
                       0
4.410837933179881451e-17
8.195915685557593781e-05
 0.001181263244063670637
  0.00426157954033520598
 0.004278675826321448779
 0.005259777895089933798
 0.005354138724030325751
 0.005063174302446603499
 0.004652526805489594873
 0.004009725824329622365
 0.004981711238189912884
 0.004464118105499991981
  0.00516130163395626864
 0.005625008678373081585
 0.001662295099520886589
 0.002552584591903995972
 0.001601149749281470264
 0.002345052270645382221
 0.001875098355989562437
                       0
                       0
0.0003250254187206690309
                       0
 0.005587788713727222939
 0.004477748709770764009
 0.003741539308837332767
 0.004836694248941578178
 0.007875043255938072792
 0.007647405508326683178
 0.007756537833771678415
 0.007892038858400618473
 0.008052514704953234875
 0.008327199309396326674
 0.008616793088653193489
 0.008394051225204228125
 0.008153212369903265963
 0.008186932943361056869
 0.008927676615278837269
 0.008824929630104677222
 0.004682899917092126982
 0.005054663171672697797
 0.006631369452817920118
 0.006674648939935897383
 0.006721335818410488841
 0.006980406303960802472
 0.007304674931855850012
 0.006953827466448742577
 0.005814362877759438053
 0.005861234242943380579
 0.006309184672722545004
 0.006956047372039048798
 0.005872026112709161257
 0.005145218208097041349
 0.005815693444989760569
 0.007453147372940887617
 0.008027546927968597784
 0.007837885471583950006
  0.00803722370842878224
 0.008895887764410264145
 0.008628134135483174136
 0.008547787900635143987
 0.008938084327934355672
 0.006109034630165628178
 0.008731087931744797859
 0.009069854665945429467
 0.008688529904170665813
 0.007352588817496592301
  0.00484766989757767254
 0.004632845306026141946
0.0009402443681565579928
 0.004234240580199755653
  0.00112311018790237473
0.0005601951680488197454
0.0008691792057744581086
3.639322737168166526e-05
 0.001372382195794306882
 0.005533847819283716982
  0.00573967301863612285
0.0005879234015489662396
4.407225938891135913e-17
 0.005044176103707226008
 0.004882634942455993735
5.694961373498160593e-17
 2.55243912197417844e-05
 0.005171895975336012613
 0.005256699196786351197
 0.005367648655695405127
 0.005288250202257013637
 0.002468388515757920058
0.0009407473305545211708
                       0
 0.004539056265870418209
                       0
8.987218252408646976e-22
0.0005362983236140390431
 0.004734312902336370622
 0.004497769226868514846
 0.003354477706463685534
 0.004504153524497190794
  0.00457052458966872386
 0.004160062674334924666
 0.004298532665947265088
 0.002191663778046654826
 0.004674756678102187646
 2.72036942568267207e-05
                       0
 0.004159829165284410595
 0.001941955302485051963
 0.000923432934410224073
 0.002931787607728334605
 0.008433416344466324391
 0.004970508311213853517
                       0
                       0
 0.001965127643264436182
 0.001431427165922601486
 0.001747843821798078815
 0.002457357555201597227
 0.003738522325560750866
 0.008557043837644688275
 0.008406266987761520926
 0.008253703327579780397
 0.005638426802669438062
 0.005452821768647995136
 0.005792476807462506108
 0.005616870809781067224
 0.005710524743451944781
 0.005830952310910022043
 0.005750990911052444518
 0.005871635449820652129
 0.005641809354464203882
 0.005830706148113068421
 0.004566070376356349061
 0.004138124347526639379
 0.006110924565522489298
 0.007099461694216888455
 0.004314812792494714284
 0.005908643099430769922
 0.006082858603642347928
 0.006202086232771152063
 0.008232302814463226398
 0.005935613577405683336
 0.007258546911362908152
 0.007284776544626717608
 0.005455905519388503169
 0.007491136303609900043
 0.008386928599670431458
 0.007401520285183909448
 0.007346008734418566118
 0.005726961632373753219
 0.007884078704694572753
 0.009129811222299890131
 0.009049542540298010154
0.0007528607838883675726
 0.002353383361333380875
 0.001336324245896265434
 0.001801999277226325321
 0.001997542831789760054
  0.00588931259112948375
  0.00586774636420983077
 0.005985587227082549491
 0.005216887427731868934
 0.005707002512743048622
 0.007983600726720952931
  0.00616675289044420899
 0.009170800270351270669
4.164430242458633301e-05
 0.005883797400559606823
 0.006003670549037058018
 0.005674947937705667952
 0.005754836698857525822
6.105289372893218528e-22
8.308328317177959921e-15
 0.004221571223842833509
 0.005995890375076243749
 0.005810270108965578939
 0.005766785431628845479
 0.004820301902937800843
  0.00493241350043843816
 0.005448673617868784146
  0.00144716220529550986
 0.002343609758210454461
 0.001871925084452940929
8.925491465071555848e-06
 0.005352106258367192795
0.0002198585121107892891
 0.003787204622787928177
0.0005130563086521068182
0.0005231262121162940986
                       0
1.440828482833454721e-14
                       0
 0.003881239667217898422
                       0
0.0001419313984280095317
0.0002465354571958006244
0.0004864143297188054356
0.0003940101883904916598
                       0
9.246491717802963843e-05
 0.005975842943304511198
 0.005525178659545056971
 0.004255593124745466783
 0.005761637752322836849
 0.003376732306899231633
 0.004925744166391125833
 0.005608980074195132198
 0.005784573680712837979
 0.004995455421052446589
 0.005757567055085018905
 0.005217703924381274401
 0.005978030797577017948
 0.005948789986201768153
 0.005333080283383900139
 0.004549687130726815833
 0.004919992326322162636
 0.004912344087825586993
 0.004375276406429462125
 0.005531343816069055411
 0.003502816225450063308
 0.004488196098904564078
 0.003238379887825688832
7.554415399244336172e-15
 0.004873682287285604001
 7.80439290673869604e-15
 0.004621372989963605342
 0.004331723451399106459
                       0
                       0
                       0
                       0
6.761280637934198088e-14
0.0009092674868333353163
0.0006788425914795811643
8.913193500113726229e-05
                       0
                       0
                       0
                       0
                       0
 0.001017835876329218096
                       0
                       0
                       0
                       0
 0.004898566595906096201
 0.006357249915521084871
 0.005742237228743753835
 0.003755930616002292784
0.0009025115483196989368
 0.002751067917849023617
 0.004650649592688484851
 0.006399736477118680121
 0.004743885336174293033
 0.004793115415758481164
 0.004654132578479556852
 0.004504712255479047765
 0.004272372301834702173
 0.003670973370895561777
                       0
                       0
 0.005077869879390684883
 0.005850934563993001949
 0.006127630095568247122
 0.006001052302167388108
 0.005292104338892486722
 0.001377287090967024103
0.0006414585508658373443
 0.001475965720892243776
                       0
                       0
0.0006379445539100220058
 0.001294069573840976378
 0.002325967564977069434
                       0
 0.006731012293494688381
 0.008286541743858408596
 0.008214419268544709621
 0.007897384070135802028
  0.01038731182337283669
  0.01041903748664228108
  0.01066762018342667234
  0.01014376534171004297
 0.002475483910460183484
 0.001079500935281119643
0.0005504113953352194211
0.0001081719195187084542
8.216127927122029678e-06
                       0
2.591708700253199402e-16
 0.006023195853321212587
 0.005040405094491030857
2.169498015797019752e-13
2.185110503073209622e-06
                       0
 0.004351900141467542234
 0.007798861047357153603
 0.006090884428517536961
 0.003974931073110131788
                       0
 0.007115402157876838177
 0.005471134174263653747
 7.58607425654578384e-15
 0.001304186062828784206
 0.005957326952183346694
0.0009812657999719342269
                       0
  0.00480689188869181435
 0.006109988686723809119
                       0
  0.00042694032065158699
1.092919716462200852e-13
                       0
  0.00598733323564523863
 0.006492472384609592438
                       0
 0.005620735985539976852
 0.007744469137020062316
 0.005700430304993669463
 0.007525436405064607655
 0.006705525094756244024
 0.009399034004240313517
 0.006965280871735181345
 0.008541410177216881075
                       0
0.0004941938653664737675
   0.0011524459732642539
0.0008891122734316378538
                       0
 0.002047146793198943715
 0.007227905767347518606
 0.004053938477450346606
                       0
 0.004402675516360878526
 0.001554262451426771012
0.0009488776374345628045
                       0
                       0
 0.002259352181645312568
                       0
 0.004315428259497266182
                       0
 0.003464332668602203204
                       0
                       0
                       0
                       0
                       0
 0.004795631251402995496
 0.006424465823620552699
                       0
 1.29398469063818444e-13
 0.002505189597336221832
 0.003508760924061540484
  0.00357578172488051205
 0.003066289838716688369
 0.003343901016113839681
 0.003233088271542538302
                       0
 0.004442303276878993568
  0.00190314335097479235
                       0
 0.001951212777453545898
8.336894969468114904e-07
 0.002099995847599783229
                       0
                       0
 0.000537912262251064705
                       0
 0.003645199581332867703
 0.001991832775117700731
                       0
 0.002029017947427807361
 0.001562301405730580524
                       0
                       0
4.253603348848718737e-22
 0.004154307238274037965
 0.004337180026123154362
                       0
 0.002870207682030456904
 0.004362853143447021492
0.0005607413529467644969
                       0
                       0
                       0
                       0
 0.001330821594434920385
                       0
 0.002557024235843858521
                       0
                       0
 0.003745320781830353395
 0.004160120458462124825
 0.001195344137145872444
0.0004151575142477115623
0.0004397153109726675119
 0.002069833602591531884
0.0008268389542341282247
 0.003129776035737376946
 0.003436741315013237385
 0.004304139519189039212
                       0
1.162360338346890977e-13
 0.002309945366003452252
                       0
                       0
 0.003918544071049417585
 0.002805914563487522766
 0.003987213760595857866
                       0
 0.002321956022460433706
 0.003454803467625209169
                       0
0.0006405127698355274476
                       0
                       0
                       0
                       0
                       0
                       0
                       0
                       0
                       0
                       0
 0.003984683454751997492
0.0002634141404422381976
0.0009703717746694362749
 0.002535750203559327624
                       0
                       0
 0.003965599713220436043
 0.003803608666162611174
 0.002091937313005043202
 0.001444282019655952504
 0.004743924497205492113
                       0
                       0
 0.001520605066448035619
 0.001090307789831983449
                       0
                       0
 0.001394339568301228858
                       0
4.562200046537153227e-06
                       0
4.193825577515552707e-14
0.0004226955811932789461
                       0
                       0
4.787731791649793988e-17
 0.009753657265331838744
 0.005620243412163840845
 0.007534967277003741179
 0.008954191812066740475
 0.009757236446639831751
 0.007299079599346280922
 0.008475820480808960583
  0.01021423318435117113
 0.007815243413098671085
 0.007894855175659866095
  0.00788452995760421764
 0.007497894938122573287
 0.008027688651363095243
 0.008019706958483330608
 0.007641285437498997364
 0.005624966049382177508
 0.006215544813766369324
 0.007773396778255172238
 0.007263346998428370747
 0.009996693522481911107
 0.003947622367238251551
0.0009246456776644151236
                       0
 0.003490588005909297988
                       0
 0.003610121982525784246
2.290447220120501315e-21
3.698152587539543442e-13
 0.001998944061201205023
0.0004536133960602106241
                       0
 0.002227962407882504246
                       0
 0.002521847162652419549
                       0
                       0
                       0
 0.002547965378314552554
 0.006313696044961462223
                       0
                       0
                       0
                       0
 0.004533448576772934786
 0.004896763218078801702
  0.00451159368778024112
   0.0043249778129219223
 0.004351939028768762527
 0.004424416202564572347
 0.004037456683524199078
 0.003340950309044103759
                       0
                       0
                       0
 0.000436307938137892818
 0.003188099531980521494
 0.006636382616940427262
 0.005592977033525515541
 0.005288044446025046315
 0.005853947820255596922
 0.004803995967916226476
  0.00512904522475964627
 0.006328904792586892598
 0.001605609237841477228
                       0
 0.001069290361039680875
  0.01031689834613801551
 0.008892289540235196257
 0.009006460543544479377
 0.009011760253521919339
0.0001205322901450696225
 0.007871989400642161183
 0.006428970785133636054
 0.007563755826930711537
 0.002456086514859288136
 0.001704339470779963218
                       0
 0.006059413090964795197
  0.00353522987831249259
                       0
                       0
 0.004347429847693685956
0.0008331616175213931927
 0.005276054897937503506
 0.004007281951314857309
 0.002709267694577975442
 0.004642783061794240017
                       0
                       0
 0.002523300881563519255
                       0
 0.003725888162552918725
0.0001501799678104644056
                       0
 0.006293839269122880956
 0.006609787330429404972
 0.007139319685655004868
 0.005317650824564741294
 0.004097152413313500351
   0.0068701102126589959
 0.003808311016627658873
 0.004293523832537017235
                       0
                       0
                       0
                       0
                       0
                       0
                       0
0.0002859076382881391523
                       0
 0.003532322464907267263
                       0
                       0
                       0
                       0
                       0
                       0
 0.003520858364706544019
 0.004512075275941692179
 0.005871398623432467871
 0.005533670492612607905
 0.006730223840776396009
  0.00605175775199775709
 0.005431061156373069923
 0.003195433276441238951
  0.00190358085325453689
 0.004724372216713962867
 0.004086682374032981138
 0.003158394143498491433
 0.005636809220492974143
 0.005350718852719165211
  0.00453973572092985795
 0.005484915070910950652
 0.001783239537644846443
                       0
                       0
                       0
                       0
 0.006413392686314987011
 0.005686216536828086338
 0.006028567140671510331
 0.005542456571306025349
  0.00592056919586834117
                       0
 0.002100213776222807464
 0.002174006065056710048
                       0
  0.00549534754194640554
                       0
 0.001893741029875504632
                       0
                       0
                       0
                       0
                       0
 0.002119000057869354497
                       0
 0.007127605439409675711
 0.006651562855943767873
 0.004710544714418225636
 0.006447386843156455508
 0.005313676333243620015
 0.005789130903900511702
 0.006174543550265844394
 0.007221635901556164479
 0.007167455340803453694
 0.006779954889876975421
                       0
 0.005308829228196107995
 0.006059367400465548274
 0.007025049809795104461
 0.006376521080562874526
 0.005595140601890589635
 0.007571933139867967344
 0.005491287963161606972
 0.005205744979598026824
 0.004693468183237053254
 0.005023908980342793595
 0.004419165920447142189
  0.00484726867228927466
 0.003875921202080371154
                       0
                       0
                       0
                       0
2.141143778158670092e-15
                       0
1.454278585828429749e-14
 0.001151581677942151681
                       0
 0.000940799867622049593
 0.001054961758377060896
                       0
                       0
                       0
                       0
9.679321960784190062e-05
 0.002711671563834788887
 0.003911323933760900602
 0.002037826910686256401
 0.002058059481215889722
 0.003240527101166657074
 0.003424440752046451538
 0.002938747891228041254
 0.002674471549970934125
 0.001368658265078946017
                       0
 0.002552794510476944292
 0.004047009697514925876
                       0
 0.002074476217539917948
 0.004368323708150646974
 0.004200163050087008139
 0.001905950433387528127
  0.00248049158601868977
 0.005781324334645824951
 0.003626997405224847461
                       0
 0.005630328918099792787
                       0
                       0
 0.005984754975993119772
 0.002043136148168581221
                       0
 0.005479443079535539253
 0.002784879201696884542
 0.006991137900266779226
   0.0046303225460770309
 0.002967344893611820189
 0.004573329006476762812
 0.005693841562426686653
 0.004682234459733035023
 0.005620540627633997116
 0.005441740869484550797
 0.004139275769466940237
 0.004893312442822326039
 0.004992492804103339753
4.944240699978681231e-20
 0.003958828367378670193
 0.001134974209681361866
2.271713051181133895e-05
 0.004602004661983866846
                       0
 0.005471226777778182178
 0.006039013881511069194
 0.003212679574005438635
