-0.100290461144568
0.1511639648507774
-0.1624904333732112
-0.002156643043602199
-0.1267944188475615
-0.01061247482092658
0.1953266051477595
-0.1164973251120398
0.05014928204583523
-0.1324555988177251
-0.1632457064539038
-0.04679559198493874
0.21825119288387
-0.1402022730375989
0.1358637292793012
-0.1642305343239705
-0.1324739804502104
-0.12374228100112
0.1051449502529207
-0.1217426713401189
-0.004237682282798991
-0.1841123135746097
-0.1703001773052366
0.2759634508556233
0.006618898827499282
-0.1436071511419414
0.1396067115990519
-0.1692316464572477
-0.1202048415157049
-0.1291101002984394
0.1031227114845682
-0.1690291502180377
0.1621922290140708
-0.08223627535003912
-0.124111272616594
-0.2139597395043946
0.0023528348621267
-0.1359985820226147
-0.02101497280978215
0.2040429701615978
-0.1272191102370477
0.0004849781060871275
-0.1798372119250973
-0.1731210447391917
0.2813614155619096
0.00430789355924935
-0.1516636971543189
0.1446570535895427
-0.1770767185151524
-0.09432661276668378
-0.01933693657687368
-0.2123803833752325
-0.1369166316372225
0.01177094882828606
0.1971015925851841
-0.1683538148691892
0.1647553784829012
-0.08934647815399972
-0.1293389794429051
-0.2180137347895018
0.005262385879170355
-0.1364600993341474
-0.02315890443128608
0.2086626753473545
-0.1204154153926589
-0.00263405553071429
-0.1903112197003962
-0.1672684991753543
0.259752903475322
0.004880384828076974
-0.1372143376733014
0.1323370721816507
-0.1623821547580783
-0.1195583756134453
0.1109526687335356
-0.1159139408132751
-0.1284731960175265
-0.118005823096223
0.1056527947234056
-0.1729136394312379
0.1674311868142187
-0.08696307441322147
-0.1260519536285601
-0.2242107363136304
0.001491251403163361
-0.1356781883503081
-0.02175288349623259
0.2036118274512088
-0.1287141229278784
0.001517051076675416
-0.1783646784979406
-0.1731520768822459
0.2831937750812619
0.004477223378160577
-0.1458043327189587
0.1421463689431259
-0.1755798468493935
-0.09857968074436496
0.02557698408576507
-0.1645329294883887
-0.097914187028523
-0.06214371237043423
0.09379162476529629
-0.1268547972076287
0.1303943104179824
-0.04840838547986246
-0.1148728357014644
-0.1250637191074792
0.05313347386039864
-0.2279191125445243
0.1556972601988317
-0.01496181281738381
0.1564414945571702
-0.1244359340205655
-0.03433071766960397
-0.2409954488109822
0.04733844203472883
0.1027107129021597
0.146643241968531
0.0002724433300790819
-0.05774052414501808
-0.2033276063583704
-0.006132663359987281
0.08127169494777264
-0.1163357674712018
-0.03607267609267438
-0.2129542301611785
-0.1099364850110639
0.0009192174918897897
0.1259984201636812
-0.1979244490258157
-0.03971253055946049
0.1551937394115999
0.1718065193161188
0.001766130767223744
-0.05818815862625505
-0.2196073473807081
-0.007268921239564361
0.09229955168762713
-0.1402516212647831
-0.02636347847767399
-0.2328117825346144
-0.1673339594049718
0.2448685916245845
-0.001655453788004009
-0.1254305519914332
0.1270937425424054
-0.1608446007785885
0.1282823587021922
-0.08562338637341205
-0.03014234928705645
0.06623379601907854
0.001653655871616792
0.06664212177195519
-0.02871221316275403
0.01229363065242762
0.0745460417916885
-0.06862792065877202
-0.09378593316803908
0.1277649651158628
0.08187310999720207
-0.1183419632290806
0.01282365216982084
0.04958540290062074
0.1187172419559663
0.02392248763253601
0.09926793933432865
0.01232823917652779
-0.1289571763569492
-0.210219959684363
-0.0326173695808032
0.05572943632103854
0.003917940172775925
0.07080992352246292
-0.02767149334694382
0.004305727791350734
-0.02398695508426801
0.06370113303257943
0.008342036275796393
0.06472446493428761
-0.03728172289141658
0.02138902342936331
0.11774251816333
0.03330084917912033
-0.02282200543096367
-0.02184497499754259
-0.105444048075742
0.02759792632057977
0.02303199082432883
0.01213821136133278
-0.05826210831106911
-0.02524118154251719
0.03154300378641473
0.09638658835369407
-0.08228275809958395
-0.04191745055099861
0.05183214883120049
-0.0460163325129453
-0.01390056534499151
0.03694266003633165
-0.05166367330709301
0.03605205133262498
0.08672938831786929
0.08336552596066445
0.1200073989780218
-0.1593213330720425
-0.06798119851556217
-0.1820735588995053
0.04830507590624242
0.1251102252038537
-0.01001486198621947
-0.06629076199496024
-0.0246130408019314
0.07584352964571536
-0.09876085003474588
-0.004064571815838211
0.2129576573372618
-0.04850350472292281
0.02823462382033469
-0.05519608958962487
0.1098283769498457
0.1118111988681182
-0.0969959387046805
0.002759432339736684
0.04058374023945106
0.07437890894674236
-0.07017315000202057
-0.09447935552003944
0.1222614515982023
0.08014089920749896
-0.1192281811992816
0.01274881706885097
0.04974344580558238
-0.01972835257476445
0.005957552904146957
0.06797997296080203
0.01374437101755172
-0.08080274624105649
-0.06733788746435856
0.09589344074317682
-0.05501880017257711
-0.07598730398749746
0.01372078654837131
-0.05232030086793835
-0.1062602698602633
0.06723184464603994
-0.06342179381632759
-0.07827686015605421
0.1062360291117534
0.07899409572987104
-0.08286147449270945
0.01734457508474811
0.01911543072345873
0.1208048914936901
-0.03778849639006383
-0.02909237923994278
-0.1253206560912358
0.0554945540974059
0.03629488867299319
0.05428465902002782
0.01613647287961517
-0.05361878395994071
-0.05007002822712262
0.01942210044357023
-0.04428407352888004
0.03388941527225254
-0.02456713845982043
-0.04033386869735162
0.04677056462714776
0.01110481313661014
-0.006063796937441099
0.1809086858224495
-0.06280216321266344
0.04334404890509875
0.007735006518559391
0.02091007069414045
-0.109274353364013
-0.1061297648131432
0.01688981868000314
0.1502980186778467
0.03121434949914138
0.1022582929868984
0.2521178401699152
0.05960722337346301
-0.02612637932927796
-0.07806675283251746
0.01660920596001708
0.01816210789432697
-0.01133618913043391
0.0703959161848423
0.03333966155834177
0.02188032563748406
0.01009488737279645
-0.05988102709364672
-0.02398739478479028
0.02888577133964958
-0.1233283943471314
0.1074967440714836
-0.07954194956136
0.0411617606371267
-0.1165091756133577
-0.09482121939355198
0.1206237958843827
0.06392891466273516
-0.08197415233055
0.01558789029526517
0.04551304035950988
-0.02112521590863379
0.04359791809018306
-0.05270017092716475
-0.01034856470877995
0.01214764817211268
0.01239631853903376
0.08306978032280504
0.05274529610811668
-0.06455670702758969
0.03770338431137974
0.005781887949520851
-0.07381376460407184
0.03832329694999919
0.02931443043997441
-0.08376742885003371
0.01208415583327653
0.02469690193528277
0.02725466412201916
0.0009714185285142512
-0.07525732781882985
-0.008200939694107639
0.02078942986999603
-0.01799043105428477
0.03301765886202791
0.03650864049695274
0.1014964982029768
0.01335716283134837
0.1370648985188367
-0.1133993372826167
-0.05048011778372323
-0.0009706287255980622
0.02754189181982904
-0.01003166459411167
0.07067794684522909
0.02354753721922108
-0.0147975529124354
-0.007789798130786062
0.003307806439129462
0.002866403862644855
0.133528283214954
0.2007887676874418
-0.06119647860260365
0.2048170044413197
-0.33446282315843
0.0747707369965938
0.0194031929730638
0.02190747777834137
-0.03133943177129056
0.05266946916669345
0.005335421411687911
-0.02699686476623372
-0.07622920591122699
-0.006483437292637641
-0.06794441707983857
-0.0349030459954138
0.02727854485557772
0.06076771805324935
-0.05138203768638094
0.09567604272987412
0.03073014583691324
0.03268576633504841
0.07535568978179731
-0.08305100756815657
0.1293349198164159
-0.004523159526088704
-0.03209203850096035
-0.002507326356326628
-0.03044755740028422
0.03266993493054154
0.1351622859436493
-0.03901398277499632
-0.009951697277627901
-0.07201519131262923
-0.1039060789054047
0.0178466996780221
0.04905947440765444
-0.06650512087886966
0.00612285579190451
-0.009637904965561174
0.01257136637647705
-0.05150901723166894
-0.01222088376442954
0.01391614315568583
-0.0001301507953219792
0.04412918845763545
-0.005038543459209709
-0.01712399167120207
-0.013036637293525
-0.03638752582770187
-0.05917939082968281
0.02165973663072302
5.530124473353509e-05
-0.05326338537597
-0.0699770167186884
0.06249084623130794
0.02179567492343771
0.05098651975243144
-0.02073150770631292
0.009006579508140027
0.01343408092459449
0.001775013344462238
-0.02522094171271792
-0.007901445466922535
0.02337979576282142
-0.0790976308741425
-0.006488503989404217
0.01621272467809308
0.08156511466000639
-0.03783373849003006
-0.006229312853450913
-0.03188343175544552
-0.01567389401104024
0.02629962536541372
0.02013817003768593
0.02275522222427863
-0.01843022518098756
0.06894554305259297
0.04119129219572358
-0.06446041054950687
0.002264911323094618
-0.06689291384908402
-0.02260016704061881
-0.01822754715679567
0.08853077471422655
0.002176964534650857
-0.0954591151044509
-0.006414989039410157
0.03002029067538737
0.04225428990988723
-0.07349750047726478
-0.01647573173354885
0.031721396814706
-0.026313786143142
0.03158564386740308
-0.004556279210242913
-0.01289672943786897
0.0009092017491980425
-0.001068157778366932
-0.01555119489775346
-0.01188255732115967
-0.007365095937719581
0.0146086393323208
0.001232410589630034
-0.08150029307483819
0.00945905224345789
-0.02055437241196399
-0.007207453808289712
0.0003157399497002296
-0.08852111637156905
0.02011021858603526
-0.01307797956737312
-0.02019022832954887
-0.00553122227147725
0.01177814357859833
0.002355113125671942
0.03369048462495425
-0.02434192709058743
-0.02201639821275269
0.009146906998558605
0.05363707009536925
-0.0195513182468821
0.0107733440296326
-0.009651625703130148
-0.001658000970953053
0.003623642172809716
-0.005575342735381574
-0.04007236434013643
-0.0225197867088968
0.1386241485114172
-0.02079187954221859
-0.0907113235125411
0.01779727782654854
-0.02308120278364152
0.09946443448205436
-0.01270920128008696
-0.02311925826244547
0.0393267105610706
-0.0157814722247993
0.0071489619714781
-0.03275182018400288
0.06613351046348462
-0.05169991650787864
-0.01886647267349058
0.02738501557567169
-0.02123586383613543
0.001134171209485164
-0.03771990397454786
0.04201807222546437
-0.02650667328996719
-0.005475217218041104
-0.005256579093112205
-0.007705363031998166
0.013936554660956
0.001785577540125492
-0.008497588283866065
0.02385213030797328
-0.005002766325010028
0.0006675176645180405
0.003518699710437785
-0.003292498321688511
-0.009178153215326543
-0.00178705536690182
-0.1335405068127248
0.09153437969066178
-0.01499954924343824
-0.02385246237531907
-0.009701005191118623
-0.03375002158618312
-0.04628840574476
-0.03736047496599616
-0.03349722469855854
0.03034894645154168
-0.05342722580943526
-0.01675733598256858
0.0241647646630534
0.003860432973942966
0.02326352895515798
-0.1282608766532995
0.1843108606439402
-0.01236732022839536
0.00579482681378918
0.005436335951077727
-0.01318641598239173
0.01008085019863872
0.001183486395247389
-0.0204692523439485
0.01736515477475569
-0.1276164487120406
-0.06179748356791703
-0.02838645764647971
-0.02062879359619425
-0.02476282864529422
0.004110326730400871
0.03000053205014943
-0.01458854796819939
-0.005781333447209262
-0.02365381463816055
0.0701744579910752
-0.03713919115272068
0.02199666599262909
0.04562655974886855
-0.0076848468317106
-0.007449031618042317
0.001858416391624344
-0.008584907820203975
0.005854597361531258
0.005734311196350025
0.02061681429559478
0.0282080988317093
-0.009734679100080038
0.005746722417184285
0.02511135326025504
0.005243590879255769
-0.05044775269254698
-0.02326979433744431
0.02021264419815794
0.06101152804693483
0.07225757249347245
0.01758753654615625
-0.03901739684331181
0.014778180196601
-0.01058730832879988
-0.01703221216930814
-0.01325393608383137
0.006973070251209372
0.04347848882235494
-0.005822323708935702
0.007007916337034497
-0.01405610145634821
0.008710596008620383
0.01095977934455983
0.002983341634838789
0.003220183723303758
0.003032462351970856
-0.00043688646165087
0.00158544391910137
0.02114160094573874
-0.001467235961194699
0.01203442153835127
-0.009739687586003581
0.002222635821731928
-0.02474833192427766
-0.003892030202373253
0.005108012923233644
-0.005843380923119787
-0.003833767850387002
0.003096320529931885
-0.01330876263546098
-0.002395364505932152
-0.00194447580172207
-0.007993841017435391
0.001694037693358226
0.0009031727691659582
0.005669534082652338
-0.001608893581013821
0.003496771528961173
-0.002238013326019977
-0.002315775315357886
-0.007665178454534745
-0.01674885791903651
0.03368417393440393
0.01246821637419608
-8.101233103266508e-05
-0.02447321348766657
0.01079333019784525
-0.01156377138501266
-0.02116852362343985
0.0004754197470172243
0.0318665528599489
0.001768540402322852
-0.01654683562658876
-0.004808593300022017
-0.01182566465367176
0.01743946310788668
-0.002396192833035944
0.02939055354951019
-0.007607245164027708
0.003105483295404906
0.01637441638904581
-0.004349449606096002
-0.009996339580252487
-0.008428064822846339
0.01230785781389713
0.002603260497594375
-0.001306504474470024
-0.01475590784474778
0.008833707657545389
0.01048815037248518
-0.006777729647661477
0.01252978308650694
-0.001025976361897399
-0.008459508378193429
0.0158257904905879
-0.009098613381550007
-0.05468753904914351
0.009940379754741357
-0.001673623438230497
-0.0008784614182402082
0.0001336772476842097
0.003851092153801298
-0.003442324371066176
-0.01765333991163978
0.02836608965831261
0.00380443031385458
0.003348638476864001
0.005809345390347261
-0.00776052662688574
-0.007085120745806131
0.004850505321504002
-0.003645154322603886
-0.01099485368254074
-0.008879889396007097
0.01533987681045827
0.007821157716704002
-0.008691352797484972
-0.0029908652838797
0.004085275486945383
-0.01105872924270357
0.008242647536831791
-0.0005559174474800336
-0.001093680231649892
0.002725984798601137
-0.01141861900954705
0.004888143389614602
0.008691944557723699
-0.01716978653772464
0.003687599376623032
-0.000680096182310421
-0.002012767146184426
0.005625048957515472
-0.008641643789528494
0.004280956080996996
0.008495281444992375
-0.007512479881719126
0.0002138242155268804
-0.001775337235475081
0.009039261011894385
-0.01351456535719927
0.009920399110807832
0.02330049930600715
-0.01700016048266648
0.007706249209569177
-0.02935103403006121
-0.003376398111424136
-0.002213384132285923
-0.0002016996076797431
-0.01226284057288311
0.001391817628832602
0.002580755917144144
0.01141251379788482
-0.00513009094077623
0.001525546240062131
-0.003941251491450835
0.002890541030368331
-0.007526580221358017
-0.003929939818902856
0.001963483475099284
0.0003470327911849745
-0.007043512908372227
0.004408906848102875
-0.002152050514320325
0.0159922923148906
0.005552316042908434
-0.005471733928688869
-0.005082006724814393
0.008545959807714793
-0.008659966866580895
0.002268768432228825
-0.00516514093642569
-0.002837245431354162
0.000179793509895175
0.001294857527000937
0.0004216850146110291
-0.001398970917366012
0.002705665541253156
0.001015236772214423
0.004002500746382498
-0.007925763420223829
-0.003475913864908203
0.004511765045230271
0.005943483669763183
0.002538947390593053
0.005160203832121306
0.01533158544854414
0.003743333520534212
-0.00673005870745259
-0.001821127780617178
-0.005228478972616617
-0.001979876138501392
0.01096114516322183
0.000142102764299916
-0.003138908925493472
-0.005076661242894175
0.001044980304032845
0.006454084471137202
-0.008195695700910575
-0.009902692495641048
0.01505096449504363
0.001861869202918193
-0.004928229999715656
-0.007203309276183807
0.009717564850789676
-0.002541820423849488
0.002496629649585183
0.004857127233790933
0.006009905737372954
-0.003654573039730941
0.007816954471931379
0.00182164827876092
-0.00130407556719378
0.003546360453558875
-0.009224696174174568
0.0005995475236632013
0.003804836471992703
-0.004117336314509553
-0.01087145499764003
0.004783915241514245
0.01601433345263228
0.008954803847959429
