-23.64497187129978428
-24.67638541150824949
-25.69418192459242434
-26.6891923965667992
-27.70797519873966408
-28.71254030879869035
20.53501418202162299
19.56393618404200652
18.55139560221362771
17.56784140799450356
16.56475373130239959
15.55835857800093791
14.55549974114406631
13.54766999587295828
12.58337986130143271
11.57565683554357605
10.57702999785259301
9.596067002219976771
8.554830037406865983
7.522996840596431589
6.49662286311460857
5.482052320725776084
4.500615159735724014
3.46887154509251161
2.443906997188989738
1.419773626578950454
0.4251064394765444732
-0.5867215655027073762
-1.597319421139175244
-2.594042959361240186
-3.552003959885898787
-4.55221872376223935
-5.536440112343858466
-6.492680782767735082
-7.45405837892278722
-8.496425538579135406
-9.488014852452772985
-10.49592340633053844
-11.45260886436177827
-12.43066910409723924
-13.41617513306648313
-14.43912014932552346
-15.44964297173416767
-16.43351590963894182
-17.44962177546305426
-18.48376589390325364
-19.54987057113326898
-20.55666651296384373
-21.60162895006230599
-22.61415282410570526
-2.079711683580730774
-2.091448153436712865
-4.057112534017532468
-19.00157325598131308
14.09359990637467597
6.033453835614544403
0.9245815599566669096
-0.7697276107471320294
-3.018788527384881348
-4.054244519512784528
-5.037737975397436507
-7.996218059598864336
-13.9355728743844427
-16.91976868837820192
-19.0105735646002465
-21.10106042696320117
14.06334340929608295
12.08195384802126604
-29.22601770664904564
17.07293109304543322
6.0052397877990078
3.979281322620047856
9.088670642736968119
0.9260282685335632369
-3.184950816133411244
-6.976815136066802481
-8.982992292226571251
-13.92559817691489776
-11.94753210122837039
-16.93455781890596867
-17.95263588088293361
-15.75793978205216739
-19.99335969550787695
-21.08136220963254104
-22.1130417960744623
15.38227161251483111
13.13225543042377197
12.08209058318725759
11.07903551598503178
-29.22279060279072382
19.0545876296045229
-25.17409860422279166
-27.22740612977114338
17.06693442565680741
7.35743875517378676
5.053589673771989865
3.98381271179017693
2.957380243580976842
9.072637014588030624
0
-5.408594730803058859
-1.446508452881380524
-11.94351720065391298
-12.91627619438806285
-10.81128535901023824
-14.78453333959721938
-15.63201117572244669
-20.16968784660372904
12.98207845849698039
20.10129779672364947
19.05647008179258606
18.07676609780572008
-25.17751786712569384
-27.20720125414234047
-28.20156779954284687
-26.23670542988077159
16.14309562444212176
4.894320562519480333
1.933824921869037095
8.131615731504652445
10.10283667419247422
-4.363354566400733603
-2.15811817962914132
-22.56837241460458188
-18.21309056549936045
10.82400880735414717
14.76515514290483289
19.92964975490200885
-23.81981747935867588
2.703540472608746192
-5.144320946389670191
-3.442047730161976293
-0.4591501747879807027
-21.44174006321944859
-19.02189155594222214
11.83097277501464006
11.02466889405088679
12.64651549136981856
6.815324104731019794
14.04887908735535973
18.33209436780704138
-28.55332238852562199
-23.0286275089965855
-22.64118171571028881
3.714463329562714744
2.835100800756753525
4.473523920877886084
-5.971598265391415694
-20.47405056141609236
-17.45988220650561118
6.003751773268882985
15.75136197602511601
-29.27341366715101856
-6.572839035325721113
7.700206327826560226
19.65178888118511935
-27.77375515310738052
17.32513298767821297
18.38564971786514946
16.95255217158843308
19.77825861207612945
-7.979186768599750401
-17.95630861550135293
-12.92224154724570795
-12.85675288211718659
-12.36979354966826605
-10.29044262605355975
-11.03417987419433466
-11.58255472474743364
0
-9.532825517462880427
-9.902208819624602754
18.06960884178084825
-28.21867016745456525
0.8046811444469089691
-0.04989723936031532914
-1.137783613629775648
10.09917936919279136
9.043093617857486777
0
-23.87604940963280598
1.856985637039165749
1.753888205788146859
-15.94298457196756047
16.09286960565884073
15.04222878874414171
8.089759635393930282
6.994663451540240828
-26.36650047682590525
-26.7295278389505242
16.11428008826218772
0
20.51892176169613435
-28.52120947921011052
0
0
0
0
0
0
-23.0396339957639853
-24.64614395827700122
-25.25601430256541136
-7.844181979203806776
-10.36133920147457488
-0.3978630197818641689
-0.4504137682527205588
0.571598395849588492
0
0
10.93136859786245552
9.252273273332802361
0
-16.33918628286157926
0
-14.47147086008795291
13.90271416651398262
0
-23.39920647276472465
-6.68688081328587014
-5.915931392392419497
-8.506034163380235213
2.933683942134281519
0
0
-14.10114937399915291
0
0
-8.773898514764265855
-4.587079422345639479
-4.574870350650931172
0
0
0
0
0
0
0
0
0
0
0
0
0
0
0
0
0
0
0
-15.32430365379257786
0
0
0
0
0
0
0
0
0
0
-8.01652890995495504
-9.177232423362223557
-10.44957090109309128
-12.01045050373116752
0
0
0
0
-21.86367194160594707
-2.783463094354377887
0
0
