-0.127150807139255
0.1568671790109038
-0.1669768667238175
-0.00203276953970099
-0.1317216233011473
-0.009604988758091012
0.2040605373578039
-0.1358119160344556
0.05246471697518611
-0.1373971060051815
-0.1740766020533007
-0.04836190811242144
0.2242317540177299
-0.1559080556626108
0.1439810697800719
-0.1721338889176127
-0.1391771951430115
-0.1328492955489838
0.110200322550313
-0.1506455486811727
-0.01211641653087134
-0.1960714743383913
-0.1777988577444012
0.2790919793362764
0.007162526907193586
-0.1572362526337528
0.1467381499306775
-0.1750356675279422
-0.1344929113206771
-0.1349654405952645
0.1092073500578547
-0.1738313023362541
0.1677807724791265
-0.08629583876784491
-0.1509163128724684
-0.2181486036988284
0.001537522354179616
-0.1372232375302459
-0.02087725604099316
0.2126728777402667
-0.151265199881052
-0.00283677877771069
-0.1865585353403048
-0.1797470467049013
0.2859403671884623
0.005890229380316599
-0.1581245530736252
0.1513612149357355
-0.183437476371782
-0.1197070812105384
-0.02247136375766084
-0.2192066199921082
-0.1431929723577065
0.01420023097841692
0.2033202644975227
-0.1726054503092994
0.1700888656366644
-0.09188777138306584
-0.1546616994538269
-0.221163689211484
0.004984582203510305
-0.1378311038993641
-0.02284585500304303
0.2171144710852372
-0.1456285984039826
-0.005584276306614717
-0.196475501637381
-0.1746258096982723
0.2651745179254177
0.00764537870323885
-0.1534704099939875
0.140860416077381
-0.1692771477677028
-0.1341621449662137
0.1184214334098069
-0.1227433256016099
-0.1434444405196869
-0.1249166249890617
0.1119926696957194
-0.1769955493054138
0.1728749715840541
-0.09104622102859009
-0.1510489473224172
-0.2298321063131541
-0.0005331934883893159
-0.1382036908345512
-0.02210069964411705
0.2102599108311426
-0.1522112425213812
0.0001309600522247267
-0.183195518242367
-0.1799746952806567
0.2886791324086582
0.007573890745511061
-0.1557919093737054
0.1500136462733083
-0.1828450150582348
-0.1169189625159313
0.02506025767379139
-0.171575800738069
-0.110607242509197
-0.06398128105251739
0.09710929807174934
-0.1328667352902869
0.1355604998635394
-0.05028697184391469
-0.1272196691088739
-0.1296502877328134
0.05526383574395189
-0.235821530059227
0.1584819510428462
-0.01797118058164828
0.1699733753347109
-0.1216693987644543
-0.03021548397067771
-0.249953824773968
0.0411292567605489
0.09935228415661504
0.1564553644943387
0.006474381565256258
-0.05230542197339313
-0.2104036563636108
-0.01260454128718309
0.07706798819234077
-0.1386319724727033
-0.03961547226992381
-0.2183660754487149
-0.119511503040008
0.005453528124989222
0.1325566002545512
-0.206319660649424
-0.04442792884000681
0.1621160246412525
0.1811950586490366
0.007415760425216274
-0.05366257702796886
-0.2276649268921914
-0.01247721371701284
0.08821400287694381
-0.1624062238708845
-0.02582216896259427
-0.2359418045012062
-0.17446419672335
0.2508703287781723
0.001244034661172379
-0.1407927776991825
0.1356558329266357
-0.1673454787197217
0.1352404535122649
-0.09006668711745955
-0.03310035195762358
0.06206525430977519
0.0007111189161193006
0.06885003006802083
-0.02588935739957769
0.005186407789835683
0.07669203813249723
-0.07016386675978072
-0.09433788818786171
0.1326221949413926
0.08440483991481056
-0.1204331846595368
0.01382707866946351
0.05227698280708176
0.1178276992219913
0.0244087135398143
0.1006666181326355
0.01038167957293808
-0.1338813116818196
-0.2119482338743235
-0.03340229918791752
0.05628646191514391
0.003259454815346315
0.07198183762540916
-0.02831870502843735
0.004071491375974392
-0.0254632057133131
0.06327503696329474
0.007721209633210687
0.06625721072343826
-0.03691015308647487
0.02007930481395894
0.1194481977725542
0.03580284590774346
-0.02652476963404234
-0.02394582088270713
-0.1026775796913103
0.02960976079779803
0.02525779672821933
0.01509696214220435
-0.05883105645696447
-0.02482361196424262
0.02847594966314951
0.09344650813439649
-0.0849473162525106
-0.04167783533204919
0.05246802167050461
-0.04876074679482713
-0.01314327159628899
0.04335103767079274
-0.05531535380865345
0.04079700548613048
0.08660934277080072
0.08575375623350755
0.1227561057946715
-0.1693310276409629
-0.07784995748207456
-0.1941878591778735
0.04494240621062405
0.1227135886347015
-0.01323282362864313
-0.06507765812885233
-0.02606541343216607
0.07249764779139517
-0.09942799838691915
-0.006629398277272182
0.2148421146230216
-0.04957729868881122
0.02943072489333321
-0.05472528106922671
0.1160051707206437
0.1150654318504865
-0.09845790658583882
0.004274957760367482
0.04469445305408414
0.07818896888433127
-0.07254252856135865
-0.09461590670839898
0.1254193867121044
0.08124301282730152
-0.120458200992101
0.01341801695091561
0.05149555281699444
-0.01588088775656751
0.007271751934365539
0.07029384296347932
0.01205033507789996
-0.08723318862884571
-0.07603490863486816
0.09759702552088835
-0.05796602041339644
-0.07644759192766254
0.0122690740412093
-0.05689849373343916
-0.1050391575620186
0.07067037892584892
-0.06535451391323881
-0.07827217998565869
0.1130384601643021
0.08363477869655296
-0.08460304547192209
0.01790032136124459
0.02063903455359234
0.1194154590366046
-0.03860905593815381
-0.03101284990001507
-0.1262923181739676
0.05863015216279038
0.0335709622197558
0.05817807564672085
0.01551891359336287
-0.05643714093848393
-0.04806819461019476
0.01782945183994579
-0.04468227962524804
0.03493047963801972
-0.02494242322004362
-0.04306613171118401
0.04947534503202065
0.01454026744272473
-0.008619059059500511
0.1830094584855681
-0.06425926954986111
0.04328414027097979
0.007147001338280675
0.01873668762034867
-0.1052145714635812
-0.1052058663952654
0.0118955558176621
0.1476160334522079
0.02885618264878091
0.1075575398081622
0.2561281299337335
0.06185935740689456
-0.02449339005743642
-0.07887502511632648
0.01628522206172637
0.01484099230010361
-0.01531533048464345
0.07028937663890954
0.03492253175035875
0.02373824959925997
0.01038824170579295
-0.06074458048050826
-0.02361082949649992
0.02599782159027447
-0.1262116278242361
0.1060303795998065
-0.08396641088943338
0.04439816196454887
-0.122085012607765
-0.09489081091564285
0.1273151656333836
0.06948354781766269
-0.08457553542248168
0.01665886131575377
0.05023552178572653
-0.02189272246905851
0.04379147103983012
-0.05281454168090968
-0.01203101913725841
0.01351231806904149
0.01289894227987172
0.08989211815817269
0.05958353926627091
-0.06243116800303423
0.03747576658975939
0.01240068694376974
-0.07610788341570023
0.04137583777568964
0.02620618093015524
-0.08702972189093407
0.01111326013746598
0.02549908746511751
0.02944901104564548
0.002052496687917374
-0.07571933472277219
-0.00787863699275855
0.01783483417661732
-0.02116384655360463
0.02481883132819681
0.03436215301955927
0.1040527600166018
0.01491972823309554
0.1374154457628023
-0.1180485385995909
-0.05367188934774813
0.001393370051347055
0.02889618427498148
-0.01144670180633538
0.06906432750102147
0.02928273448651728
-0.02247669216137632
-0.01121586091515496
0.008687532097070575
0.00127261935324646
0.1363929104788923
0.2043503636981669
-0.06663994815109489
0.2069753227382317
-0.3433549832841329
0.07674612266482266
0.02174418459601806
0.01659058723496461
-0.02979006785337747
0.04982038311551254
0.005045685942338556
-0.02572787502651779
-0.07642118727896789
-0.008688074369857789
-0.06783571249021403
-0.03506428596520638
0.02530054817794484
0.05349577424879672
-0.05368160494552687
0.09939443847078595
0.02846978147824022
0.03415814750079022
0.06654852612222709
-0.08440041244797931
0.1299369189460624
-0.00307994532001974
-0.03387721219307432
-0.004349615289689225
-0.03760934935999663
0.02412422953749619
0.1371884409809203
-0.0397400967627304
-0.008872766890237955
-0.07182694144072048
-0.105432012462149
0.01917795970175178
0.05061326197226609
-0.07385556848277372
-0.0006013296976617993
-0.01732121777685292
0.01298231373918861
-0.05595996366221496
-0.01260510628786754
0.01549458181409177
0.0007927825943543473
0.04428885820550796
-0.002453605565864548
-0.01504720692737497
-0.01405161069602844
-0.03670191189441294
-0.05961936081070989
0.0239245012620148
0.003110439080606453
-0.05607105286164892
-0.07289927704144721
0.06101323974805194
0.02071674375388761
0.05118206887054831
-0.02147473208836093
0.009627208930016054
0.01744741674092286
0.003539009579544338
-0.02661032622770587
-0.01206497820678089
0.02942361979926978
-0.07689020102484613
-0.008936818221909632
0.01862158680327843
0.0848832228118768
-0.03694176616177346
-0.004709511096697305
-0.0377242543060367
-0.02079977564253166
0.01985987074874311
0.02551333684111991
0.02156129135232188
-0.0250866917458159
0.07193869447833488
0.04591731544582522
-0.06130884619280624
0.00119832033880722
-0.06877870894007272
-0.02136414018383038
-0.01912186871645162
0.08657303324058295
0.005551968445483429
-0.09557645164318786
-0.003898071155291501
0.03168620818687964
0.0380153185267414
-0.07381703465139446
-0.01713357930381514
0.03568730492889749
-0.02806342581691582
0.03304584349855206
-0.005342328675810231
-0.01539600225813935
0.001660869057867234
-0.001336639607257002
-0.0190824470558514
-0.01519404226462459
-0.01021746425476007
0.01575738830816333
7.100081667517417e-05
-0.08314218827479902
0.009179998386854002
-0.02170766811390711
-0.008405125777872526
0.001635594770270143
-0.08723495221112573
0.02344161342108821
-0.01417140500406404
-0.0229706135097533
-0.004040115244256869
0.01190441385218314
0.00302079738424051
0.03579204992131718
-0.02511789590072019
-0.02507836074754042
0.01578699209461094
0.05937415562664376
-0.01936585443340317
0.01594191073243318
-0.01061294953035318
-0.0004384504301670224
0.005303124422719135
-0.004966608546604067
-0.04088200858110597
-0.01971880915216723
0.1434281129233853
-0.0228706036284635
-0.09311212540615961
0.01630208107286263
-0.02354960933669636
0.1013376548694377
-0.01098664196707511
-0.02346045555960251
0.04297617530555843
-0.02049320638478514
0.005694222775472211
-0.03596316606252089
0.06367670850628343
-0.0515571054772215
-0.01790480843202029
0.02758500431469266
-0.03039191622516964
-0.008102636584923632
-0.03340222478041292
0.04069981458818338
-0.02809157385180508
-0.00522339175184823
-0.003833991420161368
-0.01181578117600114
0.01530666017973889
0.00556634444921449
-0.007796660538934073
0.02576405257996129
-0.0115998558918444
0.0002320535734371626
0.01209624979206333
-0.002539909497894259
-0.00899805531742575
0.001258507705963884
-0.1438535588552484
0.09491270495952191
-0.01584728664291959
-0.01765869442250641
-0.004368279365936154
-0.03460249019221602
-0.04854226975463378
-0.04067086036466008
-0.03740620320061953
0.03028534344322066
-0.05530871115675336
-0.02240661520830355
0.01886304969599279
0.001218086838878363
0.02625923692406584
-0.1230113984154538
0.187086403645264
-0.01345061684573174
0.005997110215480885
0.009318916659485605
-0.01421672795123752
0.01066452374245463
0.003799488610463468
-0.02026632034510203
0.01736697995108493
-0.1302566720611274
-0.07260962723107012
-0.03659520297473727
-0.02397581402455925
-0.03153893616874195
0.003224942448761699
0.02973927766285472
-0.01976251048091622
-0.01320161316064919
-0.03207446594500645
0.07178772381780539
-0.03674477664391355
0.02293169847949062
0.04775973078290587
-0.00672567680199453
-0.009304744059837906
0.001744971467580239
-0.01344804549196405
0.009050303426260689
0.009586983713696096
0.02253614814714941
0.03085485190948721
-0.01114184352936823
0.007783442255935259
0.03117361553112915
0.008602423511965246
-0.05488958345946446
-0.02213309271880533
0.02121928107048975
0.06059440271912755
0.07252717298615166
0.01704452862656989
-0.04111204917139485
0.01769300431798881
-0.01005308836075362
-0.01777983824846396
-0.013839513469153
0.01112161338867983
0.04880022318011197
-0.00865954980507793
0.007710461590480291
-0.0137008694508018
0.008761979829469848
0.01228727385413341
0.0002154752849797999
0.002887939171509687
0.0001494237117121953
-0.003953210756081344
0.001338306860604771
0.02108003288788863
-0.001300003772307093
0.01128088566843884
-0.01346525243271452
-3.690773377546192e-05
-0.03118088259799771
-0.01076887393374182
0.006664196281961866
-0.00865453515047792
-0.002823048458383344
-0.000160120767482703
-0.01215177243769933
-0.001610259766006351
0.0004679479340361568
-0.00786893882465782
-0.001137068360154852
-0.0006959674386330221
0.002879650741798564
-0.00339884229632745
0.005146390152188995
-0.004838977527381811
-0.003414951584801692
-0.01261825351175355
-0.01723115601042994
0.04158002483545592
0.02036992979237093
-0.001625506652728654
-0.02358951304908759
0.01123677868980331
-0.01936423446176914
-0.02576522732382829
-0.001419944861396355
0.03584393276410406
0.0007757919121770458
-0.01494313490305891
-0.003235322601056162
-0.01464058696107844
0.01939334854412999
-0.008840114126800604
0.03299217358430952
-0.01202020199460845
0.00623270669926785
0.0191277002138279
-0.005329837358253608
-0.01299774187184669
-0.01074695219925706
0.01305585167525231
0.003610816259898083
-0.002802714264256214
-0.01545321688016825
0.01349940401315558
0.0119655890262091
-0.009256417078998939
0.01536111869472565
-0.002026053939332123
-0.00436346245772586
0.02084432495316776
-0.007273492261962772
-0.05982337625772567
0.009470676056060617
-0.00264300149934262
-0.00277699268128603
2.814428822644458e-05
0.004729601705062549
-0.001783221955947595
-0.01530065709170471
0.03171427827966533
0.003175790794923619
0.004332331389600165
0.005918954483052245
-0.009849555334871399
-0.008085521456669235
0.01071443912564693
-0.002784311666419511
-0.01174217541444565
-0.009591189215152701
0.01652187663907912
0.007898407445106984
-0.01161667154776294
-0.002586138657204192
0.005478712388144426
-0.01278359096389329
0.008553693822740981
-0.001467009131280655
-0.002759404793502559
0.001979505707676655
-0.01185744693520248
0.006590968400609085
0.006895226426182904
-0.01557469575403295
0.003660799498959293
-0.002895694231009597
-0.007335307070700153
0.006867079230798307
-0.006603193283483709
0.004417356596459952
0.007785882924207008
-0.01222363699236185
-0.001801617603333186
-0.002567761443486948
0.009335297088460511
-0.01376862204516956
0.01088679533693312
0.02575729253555564
-0.01916338631356718
0.007045538172450662
-0.03283047231356068
-0.003956786911951581
-0.001917014740237553
-0.00383523823267009
-0.01504402337031071
-0.0004249870114033795
0.006984333853450158
0.01095196863210869
-0.005751868190822088
0.003302009896160709
-0.005150832853738402
0.00447174097140589
-0.006232602061412467
-0.005399054872926012
0.001397228573944298
0.0003222350916152411
-0.005767957004645843
0.005579681667310999
0.002272489196430928
0.01892708404580668
0.009879314597803567
-0.003835441824187035
-0.008617134875125689
0.01027936228043607
-0.01073552567630557
0.002201031035003422
-0.006110415238764376
-0.003422176707584171
0.000151597057546192
0.0008658149341545472
-0.0004133651967477233
-0.001110524879431714
0.00298365198589866
0.0008574460253826145
0.004438187969350769
-0.007385907017342147
-0.002233271051852409
0.003213150674722454
0.006515893801641849
0.001940205584946387
0.005457780385011031
0.01423988459050839
0.002705051514194334
-0.005953764146057779
-0.002070854036534773
-0.004651537682399969
-0.001020091761325987
0.01104110151891958
0.0002414245141320212
-0.0008175712226453583
-0.009731540656666531
-0.002037794669507496
0.007584780023605865
-0.007752183414350473
-0.01421855823086541
0.01616775697674572
0.001460951031629341
-0.005362120460044651
-0.008061467932590131
0.01310980583092077
-0.003921085789841504
0.002031045149224931
0.005639392951543183
0.006883713508518411
-0.003333062174348915
0.007145747731747309
0.001893491872385929
-0.001295869069645233
0.003751446455754353
-0.01201768425666115
0.001271002466701659
0.009526130455691298
-0.003409989478189089
-0.009600196330781003
0.006147001815840604
0.02137163154679143
0.009946487960944959
