-11.15673310897417458
9.987959459529308859
-1.956407696964346909
5.348482125202516535
-10.61244878709578643
-5.246153201458179538
9.20032541201050158
-10.64016490383079372
5.366295585638255261
-5.628184601689526723
-10.04469861919146112
-4.579778754256788709
5.011980302141851418
-10.62035425530302923
5.464919864935210647
-5.649489592216730749
-10.62219243332305929
-5.646771111005947752
4.97086466308673014
-10.99864470226590107
4.975421322317750139
-4.94299786810463182
-10.54291910187498971
6.055646834161270142
-4.427841774932870678
-11.71506205123233713
6.115077326942119917
-5.903336035252367608
-11.78050515183957536
-6.105739577988144262
5.811726015980355875
-10.46490020198886661
5.6747655738514311
-4.644146362264256034
-11.12232648257934464
-2.478052610182566173
5.82075383972509286
-9.997500503877336797
-5.090175438923121298
8.644273872396778913
-10.6288298399405079
4.907325064954987326
-4.0092120928745274
-10.45628302385274999
6.619617747065981384
-4.875411802054115284
-11.01367929513733301
5.580871221799200477
-5.909809624495290237
-11.54523010688747853
5.103869670642043666
-6.064041451929758075
-10.65028091519056197
-4.909786593608437499
5.481188654958301321
-9.729472241166995161
5.740494321582750636
-4.234479208326201061
-10.75492704105267983
-1.981380156677754911
5.494993032841362535
-9.839584586929870369
-5.030425588839801065
8.773546884375466703
-10.30793237019432951
4.809158998090790504
-4.047783966049897764
-10.05923263511536625
6.260148404144430856
-4.731235615790175153
-10.79830277109139658
5.327997019325777295
-5.355067207000590024
-11.25227202751213973
5.443235564090805667
-5.457803941986926866
-11.65949003060245381
-5.836796146035175603
5.794468085525632084
-10.25243753026646942
5.822693884567708977
-4.814343337616551644
-10.88683560020497154
-2.346787117358608565
5.438094192650393843
-10.03278074828295807
-4.996045323706900909
8.540048482846362532
-10.52659590452761051
5.036735424576781028
-4.367273432166240532
-10.27378232775954103
6.159322472361369982
-4.511167766482294006
-10.85250135165894747
5.762614561277668912
-6.036571600474731625
-11.51152216663853345
4.815929751184215846
-5.33689612617398712
-11.29796018801131474
-5.817241423678962242
6.174626040465128973
-9.961020251554343119
5.48071876433297156
-5.322861474006916005
-10.46081504136536644
-4.690996075222523487
4.638158777548040845
-10.17653490943922456
5.76981896614345402
-4.204388361866669754
-10.54368992150185669
-3.486588287491648508
5.972146547573173869
-10.17336992386414352
-4.754999468947840313
7.05710163401020818
-10.77890702016169833
5.418370454916820123
-5.65724459004910063
-10.40445855811714182
-6.052426579123369343
5.121662430113029352
-10.86806614939014359
4.352031978994480355
-4.164094478727147219
-10.60309899374615306
-2.940005275185803235
6.703971670663663396
-10.36348057615813012
-4.604458337962895165
7.663093718560349821
-11.15246933983421407
5.759022238195234955
-5.857608466241800649
-10.91436790167563942
-6.038625256891282156
5.294860873592827311
-11.22030897827103146
4.875742644784994084
-4.602115500651476232
-10.61832879456360246
6.618193477619554344
-5.012643061757094287
-10.94870310180360029
5.60568573280650817
-5.488204452555132562
5.460498649248467729
-4.63947733432728171
0.2375149902734551566
13.77360879682689543
-9.166493866470627694
-10.59661986072900497
-0.3115079203521482487
10.24890333995015368
13.53609380655337446
-9.404008856743784506
10.68862108824368207
0.01813084939946050383
-11.78105531235371473
9.25849509398557835
-3.664978101829405865
-13.23263226757980426
-0.04927578093044704399
-9.527133926367689298
-11.45072789487803178
-0.3246453265861501403
18.6051571097506816
11.31292209652067982
0.3514009796763905014
14.08585029099708841
-8.565136178154107327
-9.580235659462534414
-0.6508843191649278381
10.2329509830004568
0.367215852280458499
14.17118832549651231
-8.489727111861235187
-9.414520015725653224
-0.8368394644326669907
10.62453769416000426
-0.0673082194613823237
-11.88210685515785769
11.32415554414471437
9.877704150248517223
-4.725332535635533127
7.784881310009699185
6.607119896498574008
-3.524705456876809695
-10.67049023884388959
-1.43012599425820297
-11.79918616175284107
-1.451576955225907906
-10.15282587735877762
11.09557165454125105
-9.037163436570684993
15.75440318320353583
0.29199141620066138
-15.18544566635120141
14.02450954545054174
-4.830568016721920266
0.262296220442291117
-8.253830237279665027
-17.41523675014752826
11.40688153031937091
11.28238610999639313
18.45410096198153482
-4.804036155496281602
0.07334658115435790937
-11.54328412328350062
12.34089863767837691
12.82346907066123443
-4.222337363087618201
-11.51457237631754005
4.046728583877722052
11.33348613048456599
-9.47785814543710714
11.36219787745112697
11.8581010305363197
0.2272644911591340799
-10.86662569420324509
9.934507062026067814
-3.426389640046396234
-17.2096602342988696
13.73444931132062052
-8.916537157830287441
11.671762515109668
0.1767329659886860416
-11.31394788030658027
10.65666303380153579
-3.540374731162386102
-11.70083417990832508
-0.3604501468833477551
-10.27886933730647634
-12.65615746390382768
0.3254233602480698928
16.50571469719372075
10.04437381400139095
-0.2768124362385500081
15.68946788173043672
-16.1336438353736682
0.825709847410491582
11.55126501918685555
-11.58887924879683951
13.80397247321599075
-8.85694296414147253
11.37921381383808495
0.3878297939025336372
-10.29523443242393377
10.45442090997397422
-3.325448114622032492
-12.11563321854474751
0.2667885986051461988
10.65776384717274361
10.13574560642652145
-3.017908998582053304
-10.62735556731650455
-10.63703722218469316
11.63126423156122335
-11.81479863569624911
11.39146376360586999
-12.92347319581499399
10.28511194037687027
-3.304140109248114854
11.99186746414411076
4.65883152866229544
-10.80358023834050485
9.329154852771214479
-6.148282229780278385
-9.974207328010136209
11.17408900923691206
-8.516126457721806986
11.14458530987708507
0.1878457435344056126
-10.88776930143198918
11.99994684649280252
-10.91727300079215901
-3.87005356913010079
9.684622226531470091
-11.6166307044374566
12.26755205652384006
0.02871174696626121667
9.643976945850289084
0.4825704329826787653
-11.63083653937684758
-1.923593968510309393
-11.09389018536204219
-10.09997598357576365
-6.343034540095430884
8.298806449907896621
7.305651573466331428
-3.852899307996779488
-11.49502954912066244
-1.015099481308216811
-11.49068084629494813
-11.16791112257193674
-0.3868862996016964595
-9.918419190423019671
10.61763577409320547
10.40482396088471617
10.51120126564502222
0.02771265655028913935
-11.99070070564492241
8.133913139047882268
-7.941885981645687487
-12.08008884418910789
0.3580151183045174879
-10.63646506902399835
14.80449373177340533
14.04740759449794041
-11.73964041313486995
-0.9592227387957464879
0.1507834214487956681
-10.96362603570357308
9.742542477847999649
-4.715096965720246835
-11.17643784891243897
8.639367133737298587
11.91746559396889538
-10.31891193611612501
11.82807745542535294
-11.31206681255807034
7.476373189519831541
6.557202553508346909
-3.546650631336655479
-10.99138401993519309
-0.9247929038641962141
-10.68306422632641706
-10.90103950607814731
-1.820398786120569046
-9.974973529909489045
10.39097524856736499
-10.89414416592141777
-1.177761413511277944
13.58544509222066488
4.01779092647011371
-12.01649393114510644
-13.74638756889826041
-5.87692706655819741
9.463692979079425527
-6.989899367398406227
12.66456640176313009
8.917641554708172436
-11.19209657452078766
-11.07561504496634619
11.81210110295822879
-0.02950369935985412001
-2.315324619961432795
9.458734835065399693
5.167180585883565769
-9.16140651286773533
-8.776740486783525697
12.61120059465125287
-13.36089670207255864
11.12608256829190623
-3.89572736653783247
-14.19703776496400316
-4.164470357145465762
8.92935134029767319
-10.48348860909438862
-2.377288126597240758
-12.01841336219487033
-0.0893881385438637377
-10.99448018732842769
14.44647861346878592
-11.11440945715235529
9.591759056398853289
-0.2128118132085460024
-1.103175344110831846
-0.9931548764416971986
-13.77986902459598717
-3.00190834343947488
8.577680551293070721
9.080640719957829177
-0.2398004679556902108
-0.9191706360116372876
10.78102482297033049
-0.5220182407462559127
-9.567654165750484552
9.619333086566888014
-4.121752113141251783
-13.58925204962500111
18.04104147842442885
10.56041126030223154
19.65446576916153276
-4.202197207122375211
12.95937207934341551
-0.8238985149091054838
-12.64281591783309366
-7.930764292881629984
9.857836149747798871
-9.578030138460681187
-24.59984007329044786
9.351772297876175699
23.88589820138099995
17.62083824484153283
0
0
8.861134478276365911
0.7006750295303216802
18.89370188609492374
-10.60236803418638374
-23.75602263919502732
-0.03837736280015448948
-20.71919933787074797
-21.67967649183433565
-8.585854794391158507
8.911766802660681108
13.54895896659837895
-4.306646359012127334
-16.0757991206935813
12.98158082415190862
-3.906598533584377364
7.304889822167446312
11.06183126564836883
-0.7570861372754835728
9.583345827760602731
0.7931607238377994529
20.36130650891709593
-20.79617828970795301
-9.973731857972335746
-3.659929258596799517
-8.701248922133139274
-16.03428485761516242
-13.74108519970815578
9.387054842502626784
2.651195135253398671
-7.48063021812216622
1.613424290737090816
9.807969454775848916
-13.78327059425250845
9.465169335534744377
-3.101535929595631291
-15.02180993482976312
18.92980243633684978
-8.160459448746021138
10.03256740781855605
-11.30304306371667877
13.09382169744316826
-18.93207924889507865
0
17.37303013282220476
-19.38959083433283581
-7.810001939600240917
11.18745708358482105
21.36467497257212145
24.40149827389640436
0
0
17.49762159705182896
10.88383530216532868
12.16920058710921637
-0.1342059031121266011
-14.86375803431995735
-4.138202862543527871
-9.593118975402136428
6.587172361543550458
16.31273946268308705
-14.39803096721083442
-2.140812610630311585
3.756941443480634302
-11.81891740292392079
-8.790185103922750542
10.77796068115649319
-9.320441187913857561
-10.76689258181012754
11.57958889473258601
-24.02123576751389677
0
0
-7.333035935481833079
0
0
-12.56670526513037522
-7.292235013230000007
8.269065946965348246
18.99745902318505486
11.4613771585925921
16.95935368278417243
4.544764586576813592
-6.613786294886464745
4.637192163937697842
-16.88817935773630552
16.18029133694567534
-4.804911991808694438
-1.729893637753074476
10.17721788898729685
2.567771320252747458
-7.536081864592435231
-12.30340649022135402
2.409681945751472654
12.08326736592761108
-6.461340883192307594
13.35446409945755697
9.72556710113952505
12.71442343998399238
-2.015128691223849078
0
-14.33729021007033744
0
0
-14.72955213120784101
14.71308843597282667
-12.32216151884648703
9.673585420176138427
0
0
0
7.047219431662111511
7.171714851985178107
15.00658276621338594
-16.08642226549267917
-10.12501040017789578
6.83940699360101334
13.55467579566168013
7.834867914228206054
-6.996192585889636106
-12.71600046732316258
8.603791967367474314
18.95866961699678299
8.360955566759621149
-0.9157436371440675904
-5.719807881433498942
15.59998455325709266
7.482505205845034979
11.80025683017909621
-8.167175772612372597
0
0
0
0
0
0
-3.82592509822986937
-8.117479347412047019
10.35487764962929447
-4.291554249182166991
10.82244643173561016
-11.97513541818721272
-15.7220602652421686
-3.780590254148443297
0
17.13624903111115216
-10.13182535337553603
7.156774319522389405
-13.1536546050086347
-7.60944656873449965
3.036823301324282909
0
0
0
0
0
-7.3212199856119895
-15.00663033329368545
4.712051624951465456
-1.44645139389623667
-14.60303668588405124
-6.265059956539467123
15.1228811248953221
0
11.13772613616279017
-11.1585508814632437
-10.10385318484515338
-3.628896998318044353
10.78041767433913201
-18.45355207331339642
0
22.0947250203388883
14.40931467265718346
0
-17.85560532561050806
0
0
0
0
0
12.25721835658052328
0
0
0
0
0
0
0
0
0
0
0
0
0
0
0
0
0
0
0
0
0
0
0
0
0
0
0
0
-14.26432024188894232
-2.231048631325474041
0
15.55755181130395748
-7.685410347681703946
12.03327161056346917
9.107869436374565808
16.97732993871463592
-9.747208125797900635
-12.7224818178258694
-20.34492217603506248
-3.74692484705495632
8.194545164038769869
0
0
-20.10973812922895831
0
0
0
0
0
0
0
0
0
0
0
-20.68082197507059306
0
0
0
0
0
0
21.38794108143478923
0
0
0
0
0
0
5.961411865314786063
-3.985154988732532821
0
0
0
17.78860044262943418
7.869460502340064778
-18.85507756217246467
15.34062004563762827
17.25778503871952552
0
0
-10.59771405023716007
0
0
0
0
0
0
0
0
0
0
0
-9.946566854047318884
0
0
16.96441739377891267
0
0
0
0
0
0
0
0
7.558917632549103871
-0.0635227256600869733
-9.340221929563778502
0
1.917164993081899027
23.12814004221078434
0
0
21.21097504912888354
0
0
0
0
0
0
0
0
0
0
0
0
0
0
0
0
0
0
0
0
0
0
0
0
0
0
0
0
0
0
0
0
0
0
0
0
0
0
0
0
0
0
0
0
0
0
0
0
0
0
0
0
0
0
0
0
0
0
0
0
0
0
0
0
0
0
0
0
0
0
-7.622440358209191302
-9.276699203903691071
-19.96743260279146881
