0.001035018523226407475
0.0008912434149525845593
0.0009487699374172820594
0.001021439631462299621
0.0009553575884707219074
0.0009569656948917601783
0.0009477896482465798843
0.0009844206602322878516
0.0008840395191500359864
0.0008557718215510982723
0.0009089656312029621536
0.0009967787358811496662
0.0009206103769473642558
0.001027482813447523234
0.0009650522093263845568
0.0009308243029412715868
0.000904437845594558581
0.000934612955843147717
0.0009791487596528861657
0.001060716583339073402
0.0009316563343148923917
0.001049665425179451732
0.001004141257766373195
0.0009651298300075552075
0.0009141941996519563265
0.0008802040155484784027
0.0009034393740927229664
0.001032451742560205801
0.0009322240719785144548
0.001010671013785726345
0.001002840453980186628
0.0009215883596439139198
0.0009405851095468564706
0.0008615683640763722962
0.000952059531271081381
0.001029274267031625271
0.0009676471128425619822
0.0009959123662088916092
0.0009840546974734544743
0.0009513508631270241756
0.000930051061339581841
0.001007468105498353838
0.0009540910381884513264
0.0009675479151701802229
0.0009150529766203221223
0.0009072126543731407573
0.0009477478858967656452
0.0009385600100286816197
0.000935285661274881208
0.0009540237148098070722
0.0004778646586501284063
0.0006682431398804181263
0.0005093327175585265218
0.0003202603423916070371
0.0004623853584074078091
0.0004916316668524164631
0.0003672642413385341308
0.0006331120795530082975
0.0006686014199044448781
0.0007160231718564092967
0.0006509369432034030388
0.0003820352564158820412
0.0002975052994809871472
0.0005028348314997520448
0.0006294074976553966144
0.000479087691772047959
0.0006646544117316521188
0.0004898149786588023094
0.0003486859534052735659
0.0002795417411577144238
0.0006806398361665654852
0.0004954344151043944345
0.0003893099380365100219
0.000601863818158920828
0.0003111608183886537698
0.0006155193616674871099
0.0006696360511190516292
0.0006353906550658093219
0.0005514246273691335428
0.0007321997589206443195
0.0006738367837650327237
0.0006671787148747658708
0.0006424078483754449859
0.0007010886846230711183
0.0006693372241145157829
0.0006265187405451838306
0.0006619680689351244022
0.0007046153814329068682
0.0006399921013574289951
0.0006580956491957904754
0.0005056101592979360404
0.0004546840482958633065
0.0005387410008870449109
0.0005853357561224502206
0.0006367727689936341457
0.000685863478930705088
0.0007454605516967746171
0.0007082490780718345754
0.0006326846819745388008
0.0007292495552917750831
0.0001770384481933671528
4.145110904114059527e-12
0.0007666396626350344655
0.000703884802228230892
0.0006832986084531580181
0.0006428185185662557699
0.0003812992305276970118
0.0002947849026851762566
0.0003551616508917305928
0.0006392464307010826529
0.0007122281845139272205
0.0006555222452343758459
0.0006753948247580498923
0.0007752465077803485276
0.0007048554204647788793
0.0006535886550298368805
0.000715933892442552778
0.0003696077939886240754
0.0006957410353987187246
0.0007552534450801458082
0.0006069623431648721226
0.0002520289994331768499
0.0002283635226783394749
0.0001845856070798049871
0
9.411607396285679946e-05
7.011375922615377313e-16
0.0002652503690031094504
0.0006023011773121719628
6.67939300958600123e-13
0.0003841974556438472726
4.372158300393161367e-05
0.0001331531813959983509
0.0002958330028308352958
0.0001793812724543901807
0.0003211671785397267006
0.0004002408261226787865
0
0
0.0002104951364033789854
0.0002894711337728659607
0
0.0007593190456766993465
0.0004216289020399068086
0.0003261161861669139087
0.0004157627652176847034
0
0.0006277368678726868512
0
0.0003105165394443590754
0.0002838649953965825335
0.0002289816126115670064
0.000163700605116632225
0.0003887356527828432669
0.0001675465133843128155
3.259482786867904166e-06
0.0003037784101565975869
0
0
9.754805656770045648e-05
0
0.0007383227270382506984
0.000465541151370429734
0.0004711831144511692093
0.0001534703225320923486
0.0003587179581937938828
0.0001590294671091467028
0.0003264900341102717628
7.243430318706045037e-05
0
0.0003729487524060439438
0.0007130515172600764874
0.0004755969465520411255
0.0004998748588142620883
0
0.0004715300983852408249
0.0003454055451970932181
0.0002716544597395354746
0.0001662497652265596492
0
0.000275215380613855632
0.000466009003689129436
0.0002559095509840515889
0
0.0004711850638429788051
0.0003609775703290966768
0.0004717239715635955901
0.000374063261608199079
0.0002621877113327197124
0
0
0
0
0
0
0
0
0
0
0
0
0
0.0002256632629760008633
0
0.0004142287301043833555
-5.372050526752083834e-16
0
0.0002939972058018487048
0
0
0
0
0
6.528911286727736424e-05
0
0.0001037803566457852641
0
0
3.083012245899855654e-14
0.0001709319134716790292
0
5.786413291809046805e-05
0
0
0
0
0
0
0
2.248724158308082425e-13
0
0
0
0
0
0
0
0
0
0
0
0
0
0
0
0
0
0
0
0
0
0
0
0
0
0
0
0
0
0
0
0
5.856792725384789368e-22
0
0
0
0
0
0
0
0
0
0
