0.00103479813375471
0.0008910523378053148
0.0009485614259312335
0.001021204579137124
0.000955118474806629
0.0009567014178022893
0.0009474791234454031
0.0009840348339068233
0.0008836050083535884
0.0008552333238156513
0.0009081539433061802
0.0009954471624080484
0.0009189893757360838
0.001024563398324625
0.0009615920586865089
0.0009266308365238145
0.0008994301007490098
0.0009287303319764012
0.0009726202725675228
0.001054354681618823
0.0009266903226361268
0.001045572327674355
0.001001083032955619
0.0009629461625433492
0.000912685357389308
0.000879168822018096
0.0009026434691357983
0.001031745328191468
0.0009316776472110798
0.001010176260408864
0.001002400107265977
0.0009212182406098307
0.0009402463989546146
0.0008612857796565286
0.0009517663621032686
0.00102897170373195
0.0009673713705232684
0.0009956365266914511
0.0009837874938544429
0.0009510897335292631
0.0009297870167490058
0.001007156605331629
0.0009537712610952098
0.0009672116041991424
0.0009147366012290394
0.0009069113539656644
0.0009474771505902689
0.0009383234611020442
0.0009350698717653134
0.0009538153043008287
0.0004775946968399645
0.0006678730358802246
0.0005091167575571867
0.0003201522252016737
0.0004613987019926373
0.0004892145016956176
0.0003669025341365255
0.0006327236406612722
0.0006682925332077794
0.0007157236897009344
0.0006506828755745619
0.0003819179189352173
0.0002974098056206897
0.0005026598969870185
0.0006292047241122734
0.0004789742683899414
0.0006633110707335046
0.0004878737142634626
0.0003485820746928778
0.0002793236758799744
0.0006772071360511857
0.0004941063165612218
0.000386608786308907
0.0006012590051722382
0.0003110083121474587
0.000615325553484192
0.0006694436063667916
0.0006352068278922973
0.0005512746701402435
0.0007319436154782558
0.0006736014718982216
0.0006669394505133882
0.0006422401531185296
0.0007009190895967799
0.0006691864091425755
0.0006255826461034175
0.0006598153004626513
0.0007017719246942209
0.000636779140576021
0.0006579013288358578
0.0005053897831296637
0.0004545869893226857
0.0005386133349704521
0.000584902738580658
0.0006331964580803813
0.0006835583181798135
0.0007434474959521733
0.0007068194619835094
0.0006283034146757738
0.0007286639960802077
0.00017703151796926
4.479532301685148e-13
0.0007664300571925018
0.0007036879238261643
0.0006831121680203945
0.0006426186044850498
0.0003811805089360738
0.0002947039920246909
0.0003539369682782893
0.0006390310292524642
0.0007119100892726914
0.0006551701868326356
0.0006752473129332885
0.0007750591462691949
0.0007046707677988563
0.0006534440112682457
0.0007152162337540534
0.0003683792508000679
0.000694789911279
0.0007502539565316613
0.0006033877997052549
0.0002519510429361535
0.0002282098994199661
0.0001845329862095267
0
9.340439341605367e-05
0
0.0002651619217479645
0.0006021725458792168
4.988964358962283e-14
0.0003840458023059458
4.328128954772059e-05
0.0001330320909498189
0.0002957745713613368
0.0001793333782675841
0.0003197894656930586
0.0003981146494981974
0
0
0.000209922105965776
0.0002893158542252056
1.054939353202167e-21
0.0007591554550959426
0.0004215356102286143
0.0003253122276355934
0.0004149508672576606
0
0.0006275239305321425
0
0.0003104103884682197
0.0002825170130038253
0.0002286941891472527
0.0001636521119007828
0.0003886091368060636
0.0001662962040762728
3.195054921816068e-06
0.0003036958163793745
0
0
9.746337700259386e-05
0
0.0007380994559926515
0.000465380402657232
0.0004710530591074873
0.0001534109699701615
0.000358621204718593
0.0001589675165259807
0.0003263990438821761
7.237009713779121e-05
0
0.0003728397224871435
0.0007128492982360147
0.0004753271234469003
0.0004997408259443381
0
0.0004711447380988409
0.0003452099136568167
0.0002699461778958329
0.0001650397500786784
0
0.0002751500090166093
0.0004654140960127851
0.0002556310647424298
0
0.0004706860028766912
0.000360418868450664
0.0004685126514446629
0.0003720129050813953
0.0002621293861211275
0
0
0
0
0
0
0
0
0
0
0
0
0
0.0002256177335073147
0
0.0004141103406909252
4.582610882003017e-17
0
0.0002937304127662146
0
0
0
0
0
6.500479891251246e-05
0
0.0001038368172953091
0
0
5.768573849449569e-16
0.0001708795372722318
0
5.788021335869465e-05
0
0
0
0
0
0
0
0
0
0
0
0
0
0
0
0
0
0
0
0
0
0
0
0
0
0
0
0
0
0
0
0
0
0
0
0
0
0
0
0
0
0
0
0
0
0
0
0
0
0
0
