-11.15912319186524
9.990119822572995
-1.956825003820498
5.34963189711693
-10.61476560807946
-5.247291644557174
9.202298188044805
-10.64256714175994
5.367473963522349
-5.629426931492987
-10.04711453041833
-4.580850454542953
5.013140210267014
-10.62316687457156
5.466264075875427
-5.650927360396318
-10.62540368548425
-5.648341512152388
4.972239514175288
-11.00259277112058
4.977062173331927
-4.944507376646348
-10.54752158044278
6.058085394474229
-4.429595448182766
-11.72155038689396
6.117926132260012
-5.906332823739247
-11.78955691505118
-6.109682056170326
5.815217563154753
-10.47697146733765
5.679874858880857
-4.648253369483162
-11.13954575162134
-2.479962185660133
5.828718097854539
-10.02100077701917
-5.099235313046661
8.659583565961212
-10.66289856182438
4.921765463972588
-4.01860716901106
-10.49867309843749
6.644291392813322
-4.893079685548692
-11.06947004482456
5.605593412888857
-5.936878477743567
-11.61436405737146
5.132591567080993
-6.096539160358717
-10.72058408360231
-4.940951528528074
5.517824897012799
-9.791989846847764
5.779632555074305
-4.263542749156275
-10.81661723748821
-1.995123238492645
5.528447097691546
-9.884895283447651
-5.056877668751402
8.821493998995617
-10.3441774180978
4.828017614696321
-4.065751084080563
-10.08655512010951
6.278426334017235
-4.745712528371548
-10.81982547677114
5.340842591738015
-5.367142008813648
-11.26823758720566
5.452683467957492
-5.466609182940544
-11.67136138452795
-5.843449311942065
5.801628404265159
-10.26029854215626
5.827912072585926
-4.818462517152184
-10.89374535793824
-2.348671594011691
5.441836025004126
-10.03816773331573
-4.998952104423289
8.545073763926549
-10.53150213365315
5.039215628892511
-4.369541643430741
-10.27815438566385
6.161960490222412
-4.51317658342808
-10.85664356624311
5.764977802235813
-6.038976775848945
-11.51549807897351
4.817666790394167
-5.338869316989593
-11.30154615585221
-5.819157267662487
6.176628761983978
-9.964035779171121
5.482388888189788
-5.324515378239555
-10.46386296077784
-4.69240790608916
4.639520400931626
-10.17941167102542
5.771455054688746
-4.205603519886474
-10.54659310522181
-3.48757052264181
5.973808151139008
-10.17615876460165
-4.756302257837231
7.059022582580003
-10.78193669111225
5.419856506764465
-5.658813870131532
-10.40757350442209
-6.05414969580008
5.123122820980765
-10.87155819268879
4.35342380862208
-4.165283893118088
-10.60675859785432
-2.940971807131441
6.706274299570771
-10.36710853968006
-4.606085131225634
7.665786790722875
-11.15629406798273
5.761023408454426
-5.859655358408229
-10.9177632834777
-6.040645843929641
5.296638709574539
-11.22332289995352
4.877117439548118
-4.603506710015713
-10.62091374459844
6.619816189937804
-5.013911023127014
-10.95116913706021
5.607002721471424
-5.4894603025701
5.461708834490114
-4.640487925456115
0.2377116599587724
13.78173752830863
-9.171045612364585
-10.60226652762669
-0.3108158236772887
10.25485050623803
13.54402586834985
-9.408757272323328
10.69335628048066
0.01821920683011104
-11.78573537125473
9.262135365218583
-3.66738132427905
-13.23797588932013
-0.04917324336914512
-9.529797392933055
-11.45400491847756
-0.3251982098361006
18.61101681274476
11.31678148501172
0.3509637863892744
14.10978266539723
-8.589408846594473
-9.607286214718473
-0.6514044504836206
10.25077423518851
0.3700350845283519
14.24840675227545
-8.523733614248631
-9.453062607493459
-0.840894170879614
10.68060258642263
-0.06775113326861905
-11.89295101692333
11.33678809359661
9.887071901204687
-4.729459232943714
7.790507619015887
6.611682325099398
-3.526887022070601
-10.67513707365051
-1.431220915262084
-11.8039545780848
-1.452240518065383
-10.15653610738382
11.09900488846138
-9.039827684988902
15.75927557403139
0.2921006220319627
-15.18985067707398
14.02885162487893
-4.831794035017484
0.2623027310375333
-8.256404970702668
-17.42053295201105
11.41010868213785
11.28529239001483
18.45922226627395
-4.805001976848967
0.07334965022174929
-11.54732911664099
12.34522157217034
12.82833969756429
-4.224423614031378
-11.51865894176441
4.048346867114406
11.33728455350423
-9.480624149563896
11.36595472838087
11.86107503005671
0.2273478169918421
-10.86911520704976
9.936867504512215
-3.42721593103785
-17.21355327847534
13.75881887900795
-8.940372632983726
11.71330547809867
0.1759343997365732
-11.36653749089593
10.6954281099747
-3.554834185040121
-11.75491081297521
-0.3605635404952269
-10.28213309047358
-12.6601316586743
0.3254775790819368
16.51029012638821
10.04719828335141
-0.2769095363810049
15.69931820462421
-16.14872190918088
0.8268397561724216
11.5586785662078
-11.5989850988771
13.87837166774709
-8.89376869877696
11.41420462386086
0.3900657614719822
-10.31791883907969
10.48487563061606
-3.334081691832609
-12.14312988367845
0.2669329330543247
10.72570935859528
10.19920590959427
-3.04029976943668
-10.70276881260802
-10.64637458973815
11.64507771620726
-11.82519988365468
11.40453922686521
-12.92951668949763
10.2914507039494
-3.308720154798152
11.99578602964647
4.660270685570016
-10.8069042664294
9.331928307020853
-6.150022992085052
-9.977058574575221
11.17727251678089
-8.518707701740187
11.14780595110032
0.1878804500834641
-10.89078992681258
12.00320529050073
-10.92025649249319
-3.871142908357098
9.687243715509316
-11.6206787668627
12.27187192194857
0.02867017487660926
9.647246106702294
0.4831181253939357
-11.63372721306484
-1.924207525544504
-11.09646302404156
-10.10219675994623
-6.344438071425563
8.308680283514695
7.314732949382718
-3.859008430208735
-11.53737107836207
-1.017877368123979
-11.54247189063247
-11.22913072743972
-0.3883733220792775
-9.921569549978338
10.62058102632773
10.40776182384663
10.51518170156679
0.02750085890973655
-11.99675809708959
8.137183133366092
-7.945429975409588
-12.08606961382598
0.3580931379590232
-10.63880775705639
14.80768297056102
14.05037561454923
-11.74215924136619
-0.9594789144886595
0.1507499876328126
-10.96644144863897
9.744740652442839
-4.716168808083322
-11.17926065112011
8.641389168133049
11.92489961932512
-10.32812822836406
11.8355881025888
-11.32207556249608
7.523570336184262
6.597043894752622
-3.56780416585283
-11.02413886238884
-0.929328993244806
-10.70798460055167
-10.91929265089808
-1.825211044598741
-10.04317530423063
10.45877642554093
-10.96970174566232
-1.178825293916504
13.59054979667634
4.019955231635245
-12.0198557017597
-13.75027965091217
-5.882874269379034
9.457109653647214
-7.003961303870988
12.66466007196043
9.222519173537547
-11.17538946813367
-11.07867037689604
11.81532484041725
-0.02946656568058039
-2.315961574991426
9.461378673780876
5.168606563613208
-9.164127981308372
-8.779992830449883
12.61553097516208
-13.36408343555008
11.12880670864146
-3.897626988298478
-14.25026229501483
-4.176412894212333
8.955881764234858
-10.48768084265702
-2.377998568200709
-12.0242589559993
-0.08931151673634855
-10.9969008950154
14.44958983260199
-11.11719143627179
9.59399066480999
-0.2128192024811016
-1.103351484309803
-0.9939473341319902
-13.81895732244867
-3.016214175853484
8.612168436613855
9.094081606299362
-0.2405384893420918
-0.9265264414316553
10.84075740536045
-0.5265034490010173
-9.570594565041086
9.620796534699483
-4.133440143029124
-13.60017085874755
18.05136305384372
10.56566632991531
19.66862137583142
-4.171428164262683
12.96203965541277
-0.8242976920247209
-12.64582063749475
-7.932979966782675
9.860401235819234
-9.577082576790538
-24.60351627373048
9.359132445790323
23.92797244068668
17.63190292693611
0
0
8.90296506465037
0.7028884367152706
18.97681446545288
-10.66437241764621
-23.90387809667717
-0.04268756468475945
-20.84604590270434
-21.73665307253408
-8.60435841408688
8.92182484087294
13.56437363673329
-4.730531419189775
-16.08261310877568
12.98560923775624
-3.907704710605932
7.306456900937486
11.06421558945821
-0.7573073560117991
9.604925618908682
0.7958774270628266
20.40766876550386
-20.81913234164439
-9.988458860970592
0.8835610763879864
-8.704295589318463
-16.03981093339494
-13.75423667772861
9.428742694484869
2.652872623241615
-7.485696723928402
1.617258321987695
9.816364407221238
-13.78633734743749
9.4664564472516
-3.10163841959354
-15.02643369693994
18.93621502258086
-8.200076627935099
10.0738494008025
-11.36726085436148
13.13229465844719
-19.01950203013763
0
17.0061216533443
-19.47167748322073
-7.843294870753384
11.25589069498395
21.50551899032568
24.56335118429851
0
0
17.52618325495982
10.90217868567212
12.17490839816975
-0.1344588747730504
-14.87247844845179
-4.140639638416398
-9.595777249125913
6.589035298180363
16.3171272993769
-14.40149267070963
0.2068551766640444
3.757758688520698
-11.82152294547002
-8.80904819184585
10.80274314659518
-9.334620095641487
-10.78433628803342
11.62838261246734
-19.52410768911588
0
0
-7.335515344076454
0
0
-12.56809486684514
-7.294235327733038
8.272770481145786
19.09918556573734
11.52149675730224
16.9755616653533
4.549736810303777
-6.624004569287693
4.642548795860347
-16.89331394836217
16.18481254730628
-4.805715421583717
-1.730423949152467
10.24962829534172
2.587159252170376
-7.577688808435094
-12.3093672729428
1.830807180570326
12.08759852677845
-6.463091843036797
13.35755797621637
9.728092001196533
12.72338365125123
-2.014635922427501
0
-14.34764879192046
0
0
-14.73801957367874
14.14017445351313
-12.33301286949296
10.25679134620813
0
0
0
7.0491135841361
7.173929876259123
15.01089872509597
-16.0902943668638
-10.13244482368191
6.839636299842457
13.55838662386643
7.836968848836848
-6.998571658632815
-12.7199894336624
8.605804172629698
18.96386081468619
8.372261851301916
-0.9128056891210689
-5.72141777502958
15.60437583126251
7.484568138604637
11.80718374454133
-8.171262425253513
0
0
0
0
0
0
-3.82703558249017
-8.119807692657872
10.35805664205649
-4.2927721101677
10.8306734806738
-11.98496373870814
-15.42710463713103
-3.7858576534746
0
21.70269341803238
-10.13856934717001
7.163491783979618
-13.23950567903096
-7.662469043171341
3.057832193972833
0
0
0
0
0
-7.323249396373383
-15.00985452903789
4.712840670712072
-1.449716192391927
-14.6165311341484
-6.296069513750566
15.0994542918614
0
11.12516380177016
-11.17374137959146
-10.16484806060547
-3.629465975019839
10.78268032687754
-16.11027212271286
0
22.09875143456188
14.41214630189738
0
-18.29490505592306
0
0
0
0
0
14.60834784737368
0
0
0
0
0
0
0
0
0
0
0
0
0
0
0
0
0
0
0
0
0
0
0
0
0
0
0
0
-14.12792314851204
-2.091833081426584
0
15.70154812117532
-7.686605132664504
12.03609006708546
9.111608345389614
16.97901372692275
-9.749037314506802
-12.80162605246633
-20.34063627789108
-3.442140898422883
8.199106085233545
0
0
-20.39790864167122
0
0
0
0
0
0
0
0
0
0
0
-20.80335833801958
0
0
0
0
0
0
21.39552380561197
0
0
0
0
0
0
5.957849543181895
-3.974290490091241
0
0
0
17.7933812026019
7.867405381533137
-18.86064565989642
15.33998392302625
17.44710714845078
0
0
-10.59159896338428
0
0
0
0
0
0
0
0
0
0
0
-9.932140033273134
0
0
16.97208112352437
0
0
0
0
0
0
0
0
7.584101910219023
0.04509168479426685
-9.239975855628717
0
2.107123225424532
23.18297937221348
0
0
21.07585614678895
0
0
0
0
0
0
0
0
0
0
0
0
0
0
0
0
0
0
0
0
0
0
0
0
0
0
0
0
0
0
0
0
0
0
0
0
0
0
0
0
0
0
0
0
0
0
0
0
0
0
0
0
0
0
0
0
0
0
0
0
0
0
0
0
0
0
0
0
0
0
-7.539010225424756
-9.285067540422984
-19.97844616979485
