-247.6416368762326
-258.7928930125734
-269.397009459856
-280.0312315827172
-290.0681890775455
-300.6817456684683
222.7744766307379
211.7797296451296
201.2430546183822
189.5320435069803
177.7533058384078
167.2887762318505
156.1571453945292
146.14624644597
135.4905032009345
125.0023210996933
113.9435454192601
102.3372994658303
91.62687349859944
81.84584169488161
71.03641229771907
61.16101802214904
50.82373576077546
40.7474014030242
29.93764840583627
18.68132781335187
7.021632134148545
-3.225618983647842
-14.11102733548048
-24.13846066313082
-34.66228179479564
-44.92924010694919
-55.77496418701826
-67.2814496785949
-78.57431575615425
-88.52869470798444
-98.98428417367573
-109.1521422019808
-119.6904926586583
-129.8571538802341
-140.6295924622289
-151.0265331080124
-161.8899790585877
-172.488437932204
-182.8455694258483
-193.9915002733308
-204.8973166368166
-216.1120417632603
-226.7214393945272
-237.6627172652286
-19.34220700400662
-19.10517211035185
-39.18593799765927
-199.9764091876474
150.7123785611128
65.61414589420832
12.91138157064082
-5.569422058196154
-28.50367076617134
-39.1696580661143
-50.96365092224706
-84.18577092895268
-146.938055453894
-177.1623738939582
-200.0272982896239
-221.3431582146886
151.0624856020108
130.428219538407
-305.96370045421
183.7038423081814
65.98373450006966
45.69468649185383
97.13308116251014
12.84408824225491
-29.93417154644756
-73.09548382041234
-93.21746962488611
-146.679292068225
-124.6286115172422
-177.0896924225165
-188.701145837453
-164.8256830054632
-209.4956309930285
-221.1194962345518
-232.205956878479
164.8134570752673
142.1317174058927
130.6027424627285
119.069586144835
-306.3257173777487
207.330680022557
-264.3921180311405
-284.7551913138917
183.4277812575023
79.85478482876486
57.09908794045239
46.08324943514793
35.38443725639848
97.40223891775587
2.209205733607497
-56.42790269077136
-12.65531661479205
-124.4420126121438
-135.5120640680816
-112.6343235533843
-155.1876646906709
-164.3466952715494
-211.4180228330761
141.1151764075693
217.8347184557773
207.3558680776485
195.3410861896211
-264.035153823295
-284.6065006361426
-295.7150923182473
-275.0215224089258
173.1108365959903
56.17024538871757
24.47610072049234
87.36827816306109
107.8511953170568
-42.85128297117077
-19.65555073913012
-237.7182592133881
-190.7349654938235
117.9834139696066
158.6581883763462
215.4600159005584
-249.5944602847015
32.76627925610466
-52.41138855866412
-33.24184212788426
-1.615800220888255
-224.7676587508491
-200.3012948608865
126.8749412755349
118.683342173122
136.9425548008617
72.60225337441859
150.0597502353586
199.3902919414753
-296.0516605282488
-242.2983862498927
-238.5438567809869
42.36126539630719
33.56284650579722
53.15632954786241
-61.10928157073527
-215.3155325381861
-181.3755837329495
64.77073927487952
167.5693456818628
-305.6372335867413
-68.44006837757601
83.85819498939351
211.5535196624315
-289.4650085926571
186.5436647959011
199.2557279018323
184.5301743927976
213.3856342226768
-83.89391724571067
-188.6686006712483
-135.5378069607712
-135.6572232593651
-128.4922914967768
-107.9621500640998
-114.9505134265026
-120.6640919192532
0
-99.3616791867222
-103.1846196382132
195.2544138816149
-295.9247921676649
11.96124213188186
1.029170255066136
-9.096472595366881
107.3254984518988
94.09574454788763
0
-250.3528340177787
24.24015344796234
22.78896856508351
-166.8257805158551
172.1160479433405
160.9538011946702
86.43994937309981
76.28623975482577
-276.1207966574692
-279.7458765094582
172.2073597404534
0
223.6285520045709
-295.8461874018615
0
0
0
0
0
0
-243.5536336938174
-257.6695193737033
-265.3482606637281
-79.26896708262555
-107.4732135033109
0
-3.439045673271429
8.1862260035681
0
0
117.9390492929743
97.14861760731323
0
-173.1168478140778
0
-151.737168474629
0
0
-245.6450297217547
-70.16339988579573
-62.30387613316465
-89.01041624262992
33.65005057569227
0
0
-145.7855403954255
0
0
0
-46.98397464977025
0
0
0
0
0
0
0
0
0
0
0
0
0
0
0
0
0
0
0
0
-155.7106475857493
0
0
0
0
0
0
0
0
0
0
0
-99.59651106033725
-108.8651287453193
-128.8253008991131
0
0
0
0
-227.8629532236681
-23.82198336056874
0
0
