-0.1002904611445680216
0.151163964850777377
-0.1624904333732112294
-0.002156643043602199297
-0.126794418847561513
-0.01061247482092657866
0.1953266051477595411
-0.1164973251120397651
0.0501492820458352348
-0.1324555988177251176
-0.1632457064539037661
-0.04679559198493873917
0.2182511928838699877
-0.1402022730375989401
0.1358637292793012097
-0.1642305343239705284
-0.1324739804502103879
-0.1237422810011200025
0.1051449502529206576
-0.121742671340118902
-0.00423768228279899125
-0.1841123135746096651
-0.170300177305236583
0.2759634508556232935
0.006618898827499281566
-0.1436071511419413915
0.1396067115990518859
-0.1692316464572476697
-0.1202048415157048744
-0.1291101002984393897
0.1031227114845682247
-0.1690291502180377436
0.1621922290140707656
-0.08223627535003912026
-0.1241112726165940205
-0.2139597395043946193
0.002352834862126699719
-0.1359985820226146946
-0.02101497280978215088
0.2040429701615978364
-0.1272191102370476556
0.0004849781060871275308
-0.1798372119250973289
-0.1731210447391916818
0.281361415561909578
0.004307893559249350093
-0.1516636971543188772
0.1446570535895427001
-0.1770767185151524148
-0.09432661276668377615
-0.01933693657687367978
-0.2123803833752325176
-0.1369166316372225078
0.01177094882828606283
0.1971015925851841433
-0.1683538148691892389
0.1647553784829011991
-0.0893464781539997227
-0.1293389794429051498
-0.2180137347895018118
0.005262385879170355073
-0.1364600993341473778
-0.02315890443128607729
0.2086626753473544982
-0.1204154153926589449
-0.002634055530714290386
-0.1903112197003961892
-0.1672684991753543016
0.2597529034753219834
0.004880384828076973942
-0.1372143376733013787
0.1323370721816506945
-0.1623821547580782676
-0.1195583756134452891
0.1109526687335355699
-0.1159139408132750793
-0.128473196017526492
-0.1180058230962230253
0.1056527947234056214
-0.1729136394312378588
0.1674311868142186743
-0.08696307441322147225
-0.126051953628560115
-0.2242107363136303932
0.001491251403163361064
-0.1356781883503081487
-0.02175288349623259385
0.20361182745120876
-0.1287141229278784271
0.001517051076675415746
-0.1783646784979406041
-0.1731520768822458756
0.2831937750812619226
0.004477223378160577298
-0.1458043327189586791
0.1421463689431259336
-0.1755798468493935394
-0.09857968074436496142
0.02557698408576506918
-0.164532929488388685
-0.09791418702852300315
-0.06214371237043422869
0.09379162476529628867
-0.1268547972076287111
0.130394310417982412
-0.04840838547986246049
-0.1148728357014644347
-0.1250637191074792376
0.05313347386039864173
-0.2279191125445243493
0.1556972601988317328
-0.01496181281738381309
0.1564414945571701854
-0.1244359340205654502
-0.0343307176696039662
-0.2409954488109821991
0.04733844203472882539
0.1027107129021597176
0.1466432419685310129
0.0002724433300790819398
-0.05774052414501808228
-0.203327606358370383
-0.006132663359987281307
0.08127169494777264358
-0.1163357674712018341
-0.03607267609267438002
-0.2129542301611784816
-0.1099364850110639003
0.0009192174918897897014
0.1259984201636812351
-0.1979244490258156852
-0.03971253055946049465
0.155193739411599918
0.1718065193161188164
0.001766130767223744041
-0.05818815862625505153
-0.2196073473807080845
-0.007268921239564360773
0.09229955168762712936
-0.1402516212647831051
-0.02636347847767399333
-0.232811782534614431
-0.1673339594049717549
0.244868591624584464
-0.001655453788004008706
-0.1254305519914331868
0.1270937425424053524
-0.1608446007785885312
0.128282358702192234
-0.08562338637341204706
-0.03014234928705645383
0.06623379601907854186
0.001653655871616792165
0.06664212177195519282
-0.02871221316275402585
0.01229363065242761698
0.07454604179168849987
-0.06862792065877201808
-0.09378593316803908453
0.1277649651158628274
0.08187310999720207039
-0.1183419632290805684
0.0128236521698208393
0.04958540290062073835
0.1187172419559662656
0.02392248763253600891
0.09926793933432864758
0.0123282391765277867
-0.1289571763569492269
-0.2102199596843629947
-0.03261736958080319743
0.05572943632103853628
0.003917940172775924608
0.07080992352246291699
-0.02767149334694381582
0.004305727791350733719
-0.02398695508426801348
0.06370113303257943227
0.008342036275796393258
0.06472446493428761494
-0.03728172289141658269
0.02138902342936330886
0.1177425181633300066
0.0333008491791203301
-0.02282200543096367037
-0.02184497499754258984
-0.1054440480757419946
0.02759792632057977285
0.02303199082432883307
0.01213821136133278258
-0.05826210831106911486
-0.02524118154251718538
0.03154300378641473196
0.0963865883536940693
-0.08228275809958394971
-0.04191745055099860978
0.05183214883120049188
-0.04601633251294530436
-0.01390056534499150773
0.03694266003633164819
-0.05166367330709301098
0.03605205133262498474
0.08672938831786929093
0.08336552596066444665
0.1200073989780218314
-0.1593213330720425203
-0.06798119851556216897
-0.1820735588995053278
0.04830507590624242426
0.125110225203853731
-0.0100148619862194671
-0.0662907619949602428
-0.02461304080193140245
0.07584352964571536293
-0.09876085003474588397
-0.004064571815838210686
0.2129576573372617965
-0.04850350472292280779
0.02823462382033468596
-0.05519608958962486656
0.1098283769498456658
0.1118111988681181751
-0.09699593870468049828
0.002759432339736684128
0.04058374023945106324
0.07437890894674235864
-0.07017315000202056785
-0.09447935552003944304
0.122261451598202342
0.08014089920749896401
-0.1192281811992815799
0.01274881706885096916
0.04974344580558238277
-0.01972835257476445239
0.005957552904146957463
0.06797997296080203478
0.01374437101755171704
-0.08080274624105648895
-0.06733788746435856454
0.09589344074317682209
-0.05501880017257710503
-0.07598730398749746484
0.0137207865483713054
-0.05232030086793834633
-0.1062602698602633372
0.0672318446460399427
-0.06342179381632759294
-0.07827686015605421488
0.1062360291117533662
0.07899409572987103889
-0.08286147449270944709
0.0173445750847481088
0.01911543072345872618
0.1208048914936901419
-0.03778849639006383321
-0.029092379239942779
-0.1253206560912357714
0.05549455409740589734
0.03629488867299319327
0.05428465902002781868
0.01613647287961516782
-0.05361878395994071345
-0.05007002822712262186
0.01942210044357023033
-0.04428407352888003717
0.03388941527225253908
-0.02456713845982043398
-0.04033386869735161584
0.04677056462714775792
0.01110481313661013797
-0.006063796937441099343
0.1809086858224495109
-0.0628021632126634366
0.04334404890509874902
0.00773500651855939074
0.0209100706941404528
-0.1092743533640129772
-0.106129764813143207
0.01688981868000313802
0.1502980186778467009
0.03121434949914138335
0.1022582929868984247
0.2521178401699152305
0.05960722337346301136
-0.02612637932927795725
-0.07806675283251746089
0.01660920596001707814
0.01816210789432697037
-0.01133618913043391366
0.07039591618484229707
0.03333966155834176825
0.02188032563748406115
0.0100948873727964468
-0.05988102709364671872
-0.02398739478479028353
0.02888577133964957688
-0.123328394347131387
0.1074967440714836159
-0.07954194956136000083
0.04116176063712670419
-0.1165091756133577044
-0.09482121939355198093
0.120623795884382698
0.06392891466273516177
-0.08197415233054999861
0.01558789029526517003
0.04551304035950987786
-0.02112521590863379248
0.0435979180901830618
-0.05270017092716474533
-0.0103485647087799542
0.01214764817211267701
0.01239631853903376026
0.08306978032280504243
0.05274529610811667935
-0.06455670702758968538
0.03770338431137974095
0.005781887949520851146
-0.07381376460407183815
0.03832329694999919018
0.02931443043997440656
-0.08376742885003371497
0.01208415583327653031
0.02469690193528276817
0.02725466412201915656
0.000971418528514251178
-0.07525732781882985001
-0.008200939694107638525
0.02078942986999603171
-0.01799043105428476536
0.03301765886202790573
0.03650864049695274477
0.1014964982029768203
0.01335716283134837264
0.1370648985188367142
-0.1133993372826167384
-0.05048011778372323011
-0.0009706287255980621757
0.02754189181982904383
-0.01003166459411167048
0.07067794684522908655
0.02354753721922108259
-0.01479755291243540008
-0.007789798130786062223
0.003307806439129461901
0.002866403862644854861
0.1335282832149539689
0.2007887676874417771
-0.06119647860260365307
0.2048170044413197
-0.3344628231584300115
0.07477073699659379791
0.01940319297306379587
0.02190747777834136517
-0.03133943177129056012
0.05266946916669345419
0.005335421411687911106
-0.02699686476623372119
-0.07622920591122699097
-0.00648343729263764143
-0.06794441707983857326
-0.0349030459954138006
0.02727854485557772157
0.06076771805324935466
-0.0513820376863809436
0.09567604272987412228
0.03073014583691323701
0.03268576633504841067
0.07535568978179731092
-0.08305100756815657348
0.1293349198164158997
-0.004523159526088704405
-0.03209203850096035288
-0.002507326356326627752
-0.03044755740028421559
0.03266993493054154429
0.1351622859436493185
-0.03901398277499631972
-0.009951697277627900504
-0.07201519131262923423
-0.1039060789054046946
0.01784669967802210086
0.04905947440765443673
-0.06650512087886965851
0.006122855791904509813
-0.00963790496556117364
0.01257136637647704794
-0.0515090172316689382
-0.01222088376442953886
0.01391614315568583463
-0.0001301507953219791652
0.04412918845763545012
-0.005038543459209708815
-0.01712399167120206775
-0.0130366372935250014
-0.03638752582770186927
-0.05917939082968281389
0.0216597366307230213
5.530124473353509144e-05
-0.05326338537597000156
-0.06997701671868840345
0.06249084623130794075
0.02179567492343771271
0.05098651975243144452
-0.02073150770631291759
0.009006579508140027251
0.01343408092459449053
0.001775013344462237795
-0.02522094171271791613
-0.007901445466922535354
0.0233797957628214155
-0.0790976308741424966
-0.006488503989404217041
0.01621272467809307602
0.08156511466000639088
-0.03783373849003006384
-0.006229312853450913109
-0.03188343175544552238
-0.01567389401104024235
0.02629962536541371673
0.02013817003768593461
0.02275522222427862895
-0.01843022518098755627
0.06894554305259296967
0.04119129219572358058
-0.06446041054950686633
0.002264911323094617561
-0.0668929138490840236
-0.0226001670406188078
-0.01822754715679567386
0.08853077471422654554
0.002176964534650856556
-0.09545911510445090342
-0.006414989039410156843
0.03002029067538736912
0.04225428990988722849
-0.07349750047726477664
-0.01647573173354884707
0.03172139681470599604
-0.02631378614314200046
0.03158564386740308344
-0.004556279210242913241
-0.01289672943786896939
0.0009092017491980424696
-0.001068157778366931807
-0.01555119489775346094
-0.01188255732115966849
-0.007365095937719581126
0.01460863933232079727
0.001232410589630034223
-0.08150029307483819263
0.009459052243457890044
-0.02055437241196398507
-0.007207453808289712022
0.0003157399497002295842
-0.08852111637156905022
0.02011021858603525767
-0.01307797956737312244
-0.0201902283295488684
-0.005531222271477250103
0.01177814357859833204
0.002355113125671941861
0.03369048462495425472
-0.02434192709058742576
-0.02201639821275268652
0.009146906998558605381
0.05363707009536924919
-0.01955131824688209619
0.01077334402963259739
-0.009651625703130148337
-0.001658000970953052737
0.003623642172809715591
-0.005575342735381573836
-0.04007236434013643211
-0.02251978670889679887
0.1386241485114171612
-0.02079187954221858869
-0.09071132351254110326
0.01779727782654854165
-0.02308120278364151831
0.09946443448205435911
-0.0127092012800869552
-0.0231192582624454683
0.03932671056107060054
-0.01578147222479930195
0.007148961971478099905
-0.03275182018400287637
0.06613351046348461826
-0.05169991650787864046
-0.01886647267349057799
0.02738501557567169301
-0.02123586383613542891
0.001134171209485163598
-0.03771990397454785815
0.04201807222546437293
-0.02650667328996718711
-0.005475217218041104374
-0.005256579093112204518
-0.007705363031998166065
0.01393655466095600204
0.001785577540125492073
-0.008497588283866064698
0.02385213030797328493
-0.005002766325010028076
0.0006675176645180404874
0.003518699710437785122
-0.003292498321688510938
-0.009178153215326542713
-0.001787055366901819757
-0.1335405068127247519
0.09153437969066177682
-0.01499954924343823749
-0.02385246237531907232
-0.009701005191118623056
-0.03375002158618312098
-0.04628840574476000141
-0.03736047496599615575
-0.0334972246985585434
0.03034894645154167722
-0.05342722580943525673
-0.01675733598256858026
0.02416476466305340215
0.003860432973942965786
0.02326352895515797561
-0.1282608766532995492
0.1843108606439402275
-0.01236732022839535927
0.005794826813789180457
0.005436335951077726596
-0.0131864159823917252
0.0100808501986387241
0.001183486395247388724
-0.0204692523439485019
0.01736515477475569086
-0.1276164487120406144
-0.06179748356791702618
-0.02838645764647971387
-0.02062879359619424965
-0.02476282864529422145
0.004110326730400870945
0.03000053205014943311
-0.0145885479681993873
-0.005781333447209262288
-0.02365381463816055435
0.07017445799107520366
-0.03713919115272067833
0.02199666599262908515
0.04562655974886854759
-0.007684846831710600082
-0.007449031618042317032
0.001858416391624343952
-0.008584907820203975179
0.005854597361531257635
0.005734311196350025397
0.02061681429559477502
0.02820809883170930302
-0.009734679100080037562
0.005746722417184285496
0.02511135326025503919
0.005243590879255769117
-0.05044775269254697658
-0.02326979433744431197
0.02021264419815794328
0.06101152804693482645
0.07225757249347244948
0.017587536546156253
-0.03901739684331181207
0.01477818019660099604
-0.01058730832879987982
-0.01703221216930814186
-0.01325393608383136634
0.006973070251209372364
0.04347848882235494372
-0.005822323708935701718
0.007007916337034496984
-0.01405610145634821236
0.00871059600862038319
0.01095977934455982621
0.002983341634838789207
0.003220183723303758194
0.003032462351970856198
-0.0004368864616508700291
0.001585443919101370497
0.02114160094573874077
-0.001467235961194699248
0.01203442153835126635
-0.009739687586003581074
0.002222635821731927877
-0.02474833192427765977
-0.00389203020237325302
0.005108012923233644365
-0.005843380923119786789
-0.003833767850387002213
0.003096320529931884894
-0.01330876263546098073
-0.002395364505932151729
-0.001944475801722070222
-0.007993841017435391466
0.001694037693358226102
0.000903172769165958185
0.00566953408265233761
-0.001608893581013820951
0.003496771528961173121
-0.002238013326019976709
-0.002315775315357886024
-0.007665178454534744834
-0.01674885791903650903
0.03368417393440392704
0.01246821637419608456
-8.101233103266508194e-05
-0.02447321348766656746
0.01079333019784525435
-0.01156377138501266111
-0.02116852362343984648
0.0004754197470172242656
0.03186655285994889619
0.001768540402322852203
-0.01654683562658876284
-0.004808593300022016674
-0.01182566465367175697
0.0174394631078866845
-0.002396192833035943725
0.02939055354951019411
-0.007607245164027708409
0.00310548329540490586
0.01637441638904580526
-0.004349449606096001536
-0.009996339580252486604
-0.008428064822846338677
0.01230785781389712522
0.002603260497594374594
-0.001306504474470023599
-0.01475590784474777734
0.008833707657545389336
0.01048815037248518149
-0.006777729647661477098
0.01252978308650693623
-0.001025976361897398825
-0.008459508378193428962
0.015825790490587896
-0.009098613381550007054
-0.054687539049143509
0.009940379754741357141
-0.001673623438230496764
-0.0008784614182402081771
0.0001336772476842097181
0.00385109215380129849
-0.003442324371066176128
-0.01765333991163978156
0.0283660896583126064
0.00380443031385458005
0.003348638476864001113
0.005809345390347261072
-0.007760526626885739729
-0.007085120745806130702
0.004850505321504001988
-0.003645154322603886155
-0.01099485368254074329
-0.008879889396007097091
0.01533987681045826876
0.007821157716704002158
-0.008691352797484971568
-0.002990865283879700232
0.004085275486945382645
-0.01105872924270357056
0.008242647536831791341
-0.000555917447480033561
-0.001093680231649891629
0.002725984798601136915
-0.01141861900954705203
0.004888143389614602041
0.00869194455772369888
-0.0171697865377246385
0.003687599376623031978
-0.000680096182310421034
-0.002012767146184426485
0.005625048957515471973
-0.008641643789528493866
0.00428095608099699626
0.008495281444992374906
-0.007512479881719125521
0.000213824215526880405
-0.001775337235475081153
0.009039261011894384606
-0.01351456535719926938
0.009920399110807831544
0.023300499306007149
-0.0170001604826664765
0.007706249209569177201
-0.02935103403006120507
-0.00337639811142413605
-0.002213384132285922765
-0.0002016996076797430678
-0.01226284057288310608
0.00139181762883260193
0.002580755917144143732
0.01141251379788481984
-0.005130090940776229833
0.001525546240062131435
-0.003941251491450834671
0.002890541030368330624
-0.007526580221358016715
-0.003929939818902855597
0.001963483475099283941
0.0003470327911849745172
-0.007043512908372227301
0.004408906848102875017
-0.002152050514320325014
0.01599229231489060488
0.005552316042908434467
-0.005471733928688869188
-0.005082006724814392556
0.008545959807714793161
-0.008659966866580895428
0.002268768432228825214
-0.005165140936425689951
-0.002837245431354161983
0.0001797935098951749969
0.001294857527000937199
0.0004216850146110291144
-0.001398970917366011962
0.002705665541253156336
0.001015236772214422704
0.004002500746382498323
-0.007925763420223828556
-0.003475913864908202963
0.004511765045230270964
0.005943483669763182688
0.002538947390593052859
0.005160203832121306247
0.01533158544854413587
0.003743333520534212252
-0.006730058707452590133
-0.001821127780617177961
-0.005228478972616617398
-0.001979876138501391551
0.01096114516322183041
0.0001421027642999160426
-0.003138908925493472373
-0.005076661242894174933
0.001044980304032845165
0.006454084471137201857
-0.008195695700910575476
-0.009902692495641048434
0.01505096449504363457
0.001861869202918193253
-0.004928229999715655861
-0.007203309276183807348
0.009717564850789676273
-0.00254182042384948825
0.002496629649585182728
0.004857127233790932939
0.006009905737372953777
-0.003654573039730941129
0.007816954471931378615
0.001821648278760920094
-0.001304075567193779817
0.003546360453558874623
-0.009224696174174568108
0.0005995475236632013139
0.003804836471992702543
-0.004117336314509553036
-0.01087145499764003223
0.00478391524151424493
0.016014333452632281
0.008954803847959429131
